14236
7058
9568
47218
49728
52238
54748
57258
59768
114988
117498
120008
122518
125028
127538
130048
132558
135068
137578
140088
239233
241743
244253
246763
249273
251783
307003
7309
9819
47469
49979
52489
54999
57509
60019
115239
117749
120259
122769
125279
127789
130299
132809
135319
137829
140339
239484
241994
244504
247014
249524
252034
307254
13584
15341
60270
62027
63784
65541
67298
69055
140590
142347
144104
145861
147618
149375
151132
152889
154646
156403
158160
252285
254042
255799
257556
259313
261070
315035
13835
15592
60521
62278
64035
65792
67549
69306
140841
142598
144355
146112
147869
149626
151383
153140
154897
156654
158411
252536
254293
256050
257807
259564
261321
315286
14086
15843
60772
62529
64286
66043
67800
69557
141092
142849
144606
146363
148120
149877
151634
153391
155148
156905
158662
252787
254544
256301
258058
259815
261572
315537
14337
16094
61023
62780
64537
66294
68051
69808
141343
143100
144857
146614
148371
150128
151885
153642
155399
157156
158913
253038
254795
256552
258309
260066
261823
315788
14588
16345
61274
63031
64788
66545
68302
70059
141594
143351
145108
146865
148622
150379
152136
153893
155650
157407
159164
253289
255046
256803
258560
260317
262074
316039
14839
16596
61525
63282
65039
66796
68553
70310
141845
143602
145359
147116
148873
150630
152387
154144
155901
157658
159415
253540
255297
257054
258811
260568
262325
316290
15090
16847
61776
63533
65290
67047
68804
70561
142096
143853
145610
147367
149124
150881
152638
154395
156152
157909
159666
253791
255548
257305
259062
260819
262576
316541
23122
26134
70812
73824
76836
79848
82860
85872
159917
162929
165941
168953
171965
174977
177989
181001
184013
187025
190037
262827
265839
268851
271863
274875
277887
322063
23373
26385
71063
74075
77087
80099
83111
86123
160168
163180
166192
169204
172216
175228
178240
181252
184264
187276
190288
263078
266090
269102
272114
275126
278138
322314
23624
26636
71314
74326
77338
80350
83362
86374
160419
163431
166443
169455
172467
175479
178491
181503
184515
187527
190539
263329
266341
269353
272365
275377
278389
322565
23875
26887
71565
74577
77589
80601
83613
86625
160670
163682
166694
169706
172718
175730
178742
181754
184766
187778
190790
263580
266592
269604
272616
275628
278640
322816
24126
27138
71816
74828
77840
80852
83864
86876
160921
163933
166945
169957
172969
175981
178993
182005
185017
188029
191041
263831
266843
269855
272867
275879
278891
323067
24377
27389
72067
75079
78091
81103
84115
87127
161172
164184
167196
170208
173220
176232
179244
182256
185268
188280
191292
264082
267094
270106
273118
276130
279142
323318
24628
27640
72318
75330
78342
81354
84366
87378
161423
164435
167447
170459
173471
176483
179495
182507
185519
188531
191543
264333
267345
270357
273369
276381
279393
323569
24879
27891
72569
75581
78593
81605
84617
87629
161674
164686
167698
170710
173722
176734
179746
182758
185770
188782
191794
264584
267596
270608
273620
276632
279644
323820
25130
28142
72820
75832
78844
81856
84868
87880
161925
164937
167949
170961
173973
176985
179997
183009
186021
189033
192045
264835
267847
270859
273871
276883
279895
324071
25381
28393
73071
76083
79095
82107
85119
88131
162176
165188
168200
171212
174224
177236
180248
183260
186272
189284
192296
265086
268098
271110
274122
277134
280146
324322
25632
28644
73322
76334
79346
82358
85370
88382
162427
165439
168451
171463
174475
177487
180499
183511
186523
189535
192547
265337
268349
271361
274373
277385
280397
324573
25883
28895
73573
76585
79597
82609
85621
88633
162678
165690
168702
171714
174726
177738
180750
183762
186774
189786
192798
265588
268600
271612
274624
277636
280648
324824
32660
34417
88884
90641
92398
94155
95912
97669
193049
194806
196563
198320
200077
201834
203591
205348
207105
208862
210619
280899
282656
284413
286170
287927
289684
334111
32911
34668
89135
90892
92649
94406
96163
97920
193300
195057
196814
198571
200328
202085
203842
205599
207356
209113
210870
281150
282907
284664
286421
288178
289935
334362
33162
34919
89386
91143
92900
94657
96414
98171
193551
195308
197065
198822
200579
202336
204093
205850
207607
209364
211121
281401
283158
284915
286672
288429
290186
334613
33413
35170
89637
91394
93151
94908
96665
98422
193802
195559
197316
199073
200830
202587
204344
206101
207858
209615
211372
281652
283409
285166
286923
288680
290437
334864
33664
35421
89888
91645
93402
95159
96916
98673
194053
195810
197567
199324
201081
202838
204595
206352
208109
209866
211623
281903
283660
285417
287174
288931
290688
335115
33915
35672
90139
91896
93653
95410
97167
98924
194304
196061
197818
199575
201332
203089
204846
206603
208360
210117
211874
282154
283911
285668
287425
289182
290939
335366
34166
35923
90390
92147
93904
95661
97418
99175
194555
196312
198069
199826
201583
203340
205097
206854
208611
210368
212125
282405
284162
285919
287676
289433
291190
335617
40692
42951
99426
101685
103944
106203
108462
110721
212376
214635
216894
219153
221412
223671
225930
228189
230448
232707
234966
291441
293700
295959
298218
300477
302736
341139
7108
9618
47268
49778
52288
54798
57308
59818
115038
117548
120058
122568
125078
127588
130098
132608
135118
137628
140138
239283
241793
244303
246813
249323
251833
307053
7359
9869
47519
50029
52539
55049
57559
60069
115289
117799
120309
122819
125329
127839
130349
132859
135369
137879
140389
239534
242044
244554
247064
249574
252084
307304
13634
15391
60320
62077
63834
65591
67348
69105
140640
142397
144154
145911
147668
149425
151182
152939
154696
156453
158210
252335
254092
255849
257606
259363
261120
315085
13885
15642
60571
62328
64085
65842
67599
69356
140891
142648
144405
146162
147919
149676
151433
153190
154947
156704
158461
252586
254343
256100
257857
259614
261371
315336
14136
15893
60822
62579
64336
66093
67850
69607
141142
142899
144656
146413
148170
149927
151684
153441
155198
156955
158712
252837
254594
256351
258108
259865
261622
315587
14387
16144
61073
62830
64587
66344
68101
69858
141393
143150
144907
146664
148421
150178
151935
153692
155449
157206
158963
253088
254845
256602
258359
260116
261873
315838
14638
16395
61324
63081
64838
66595
68352
70109
141644
143401
145158
146915
148672
150429
152186
153943
155700
157457
159214
253339
255096
256853
258610
260367
262124
316089
14889
16646
61575
63332
65089
66846
68603
70360
141895
143652
145409
147166
148923
150680
152437
154194
155951
157708
159465
253590
255347
257104
258861
260618
262375
316340
15140
16897
61826
63583
65340
67097
68854
70611
142146
143903
145660
147417
149174
150931
152688
154445
156202
157959
159716
253841
255598
257355
259112
260869
262626
316591
23172
26184
70862
73874
76886
79898
82910
85922
159967
162979
165991
169003
172015
175027
178039
181051
184063
187075
190087
262877
265889
268901
271913
274925
277937
322113
23423
26435
71113
74125
77137
80149
83161
86173
160218
163230
166242
169254
172266
175278
178290
181302
184314
187326
190338
263128
266140
269152
272164
275176
278188
322364
23674
26686
71364
74376
77388
80400
83412
86424
160469
163481
166493
169505
172517
175529
178541
181553
184565
187577
190589
263379
266391
269403
272415
275427
278439
322615
23925
26937
71615
74627
77639
80651
83663
86675
160720
163732
166744
169756
172768
175780
178792
181804
184816
187828
190840
263630
266642
269654
272666
275678
278690
322866
24176
27188
71866
74878
77890
80902
83914
86926
160971
163983
166995
170007
173019
176031
179043
182055
185067
188079
191091
263881
266893
269905
272917
275929
278941
323117
24427
27439
72117
75129
78141
81153
84165
87177
161222
164234
167246
170258
173270
176282
179294
182306
185318
188330
191342
264132
267144
270156
273168
276180
279192
323368
24678
27690
72368
75380
78392
81404
84416
87428
161473
164485
167497
170509
173521
176533
179545
182557
185569
188581
191593
264383
267395
270407
273419
276431
279443
323619
24929
27941
72619
75631
78643
81655
84667
87679
161724
164736
167748
170760
173772
176784
179796
182808
185820
188832
191844
264634
267646
270658
273670
276682
279694
323870
25180
28192
72870
75882
78894
81906
84918
87930
161975
164987
167999
171011
174023
177035
180047
183059
186071
189083
192095
264885
267897
270909
273921
276933
279945
324121
25431
28443
73121
76133
79145
82157
85169
88181
162226
165238
168250
171262
174274
177286
180298
183310
186322
189334
192346
265136
268148
271160
274172
277184
280196
324372
25682
28694
73372
76384
79396
82408
85420
88432
162477
165489
168501
171513
174525
177537
180549
183561
186573
189585
192597
265387
268399
271411
274423
277435
280447
324623
25933
28945
73623
76635
79647
82659
85671
88683
162728
165740
168752
171764
174776
177788
180800
183812
186824
189836
192848
265638
268650
271662
274674
277686
280698
324874
32710
34467
88934
90691
92448
94205
95962
97719
193099
194856
196613
198370
200127
201884
203641
205398
207155
208912
210669
280949
282706
284463
286220
287977
289734
334161
32961
34718
89185
90942
92699
94456
96213
97970
193350
195107
196864
198621
200378
202135
203892
205649
207406
209163
210920
281200
282957
284714
286471
288228
289985
334412
33212
34969
89436
91193
92950
94707
96464
98221
193601
195358
197115
198872
200629
202386
204143
205900
207657
209414
211171
281451
283208
284965
286722
288479
290236
334663
33463
35220
89687
91444
93201
94958
96715
98472
193852
195609
197366
199123
200880
202637
204394
206151
207908
209665
211422
281702
283459
285216
286973
288730
290487
334914
33714
35471
89938
91695
93452
95209
96966
98723
194103
195860
197617
199374
201131
202888
204645
206402
208159
209916
211673
281953
283710
285467
287224
288981
290738
335165
33965
35722
90189
91946
93703
95460
97217
98974
194354
196111
197868
199625
201382
203139
204896
206653
208410
210167
211924
282204
283961
285718
287475
289232
290989
335416
34216
35973
90440
92197
93954
95711
97468
99225
194605
196362
198119
199876
201633
203390
205147
206904
208661
210418
212175
282455
284212
285969
287726
289483
291240
335667
40742
43001
99476
101735
103994
106253
108512
110771
212426
214685
216944
219203
221462
223721
225980
228239
230498
232757
235016
291491
293750
296009
298268
300527
302786
341189
6807
9317
46967
49477
51987
54497
57007
59517
114737
117247
119757
122267
124777
127287
129797
132307
134817
137327
139837
238982
241492
244002
246512
249022
251532
306752
6808
9318
46968
49478
51988
54498
57008
59518
114738
117248
119758
122268
124778
127288
129798
132308
134818
137328
139838
238983
241493
244003
246513
249023
251533
306753
6809
9319
46969
49479
51989
54499
57009
59519
114739
117249
119759
122269
124779
127289
129799
132309
134819
137329
139839
238984
241494
244004
246514
249024
251534
306754
6810
9320
46970
49480
51990
54500
57010
59520
114740
117250
119760
122270
124780
127290
129800
132310
134820
137330
139840
238985
241495
244005
246515
249025
251535
306755
6811
9321
46971
49481
51991
54501
57011
59521
114741
117251
119761
122271
124781
127291
129801
132311
134821
137331
139841
238986
241496
244006
246516
249026
251536
306756
6812
9322
46972
49482
51992
54502
57012
59522
114742
117252
119762
122272
124782
127292
129802
132312
134822
137332
139842
238987
241497
244007
246517
249027
251537
306757
6813
9323
46973
49483
51993
54503
57013
59523
114743
117253
119763
122273
124783
127293
129803
132313
134823
137333
139843
238988
241498
244008
246518
249028
251538
306758
6814
9324
46974
49484
51994
54504
57014
59524
114744
117254
119764
122274
124784
127294
129804
132314
134824
137334
139844
238989
241499
244009
246519
249029
251539
306759
6815
9325
46975
49485
51995
54505
57015
59525
114745
117255
119765
122275
124785
127295
129805
132315
134825
137335
139845
238990
241500
244010
246520
249030
251540
306760
6816
9326
46976
49486
51996
54506
57016
59526
114746
117256
119766
122276
124786
127296
129806
132316
134826
137336
139846
238991
241501
244011
246521
249031
251541
306761
6817
9327
46977
49487
51997
54507
57017
59527
114747
117257
119767
122277
124787
127297
129807
132317
134827
137337
139847
238992
241502
244012
246522
249032
251542
306762
6818
9328
46978
49488
51998
54508
57018
59528
114748
117258
119768
122278
124788
127298
129808
132318
134828
137338
139848
238993
241503
244013
246523
249033
251543
306763
6819
9329
46979
49489
51999
54509
57019
59529
114749
117259
119769
122279
124789
127299
129809
132319
134829
137339
139849
238994
241504
244014
246524
249034
251544
306764
6820
9330
46980
49490
52000
54510
57020
59530
114750
117260
119770
122280
124790
127300
129810
132320
134830
137340
139850
238995
241505
244015
246525
249035
251545
306765
6821
9331
46981
49491
52001
54511
57021
59531
114751
117261
119771
122281
124791
127301
129811
132321
134831
137341
139851
238996
241506
244016
246526
249036
251546
306766
6822
9332
46982
49492
52002
54512
57022
59532
114752
117262
119772
122282
124792
127302
129812
132322
134832
137342
139852
238997
241507
244017
246527
249037
251547
306767
6823
9333
46983
49493
52003
54513
57023
59533
114753
117263
119773
122283
124793
127303
129813
132323
134833
137343
139853
238998
241508
244018
246528
249038
251548
306768
6824
9334
46984
49494
52004
54514
57024
59534
114754
117264
119774
122284
124794
127304
129814
132324
134834
137344
139854
238999
241509
244019
246529
249039
251549
306769
6825
9335
46985
49495
52005
54515
57025
59535
114755
117265
119775
122285
124795
127305
129815
132325
134835
137345
139855
239000
241510
244020
246530
249040
251550
306770
6826
9336
46986
49496
52006
54516
57026
59536
114756
117266
119776
122286
124796
127306
129816
132326
134836
137346
139856
239001
241511
244021
246531
249041
251551
306771
6827
9337
46987
49497
52007
54517
57027
59537
114757
117267
119777
122287
124797
127307
129817
132327
134837
137347
139857
239002
241512
244022
246532
249042
251552
306772
6828
9338
46988
49498
52008
54518
57028
59538
114758
117268
119778
122288
124798
127308
129818
132328
134838
137348
139858
239003
241513
244023
246533
249043
251553
306773
6829
9339
46989
49499
52009
54519
57029
59539
114759
117269
119779
122289
124799
127309
129819
132329
134839
137349
139859
239004
241514
244024
246534
249044
251554
306774
6830
9340
46990
49500
52010
54520
57030
59540
114760
117270
119780
122290
124800
127310
129820
132330
134840
137350
139860
239005
241515
244025
246535
249045
251555
306775
6831
9341
46991
49501
52011
54521
57031
59541
114761
117271
119781
122291
124801
127311
129821
132331
134841
137351
139861
239006
241516
244026
246536
249046
251556
306776
6832
9342
46992
49502
52012
54522
57032
59542
114762
117272
119782
122292
124802
127312
129822
132332
134842
137352
139862
239007
241517
244027
246537
249047
251557
306777
6833
9343
46993
49503
52013
54523
57033
59543
114763
117273
119783
122293
124803
127313
129823
132333
134843
137353
139863
239008
241518
244028
246538
249048
251558
306778
6834
9344
46994
49504
52014
54524
57034
59544
114764
117274
119784
122294
124804
127314
129824
132334
134844
137354
139864
239009
241519
244029
246539
249049
251559
306779
6835
9345
46995
49505
52015
54525
57035
59545
114765
117275
119785
122295
124805
127315
129825
132335
134845
137355
139865
239010
241520
244030
246540
249050
251560
306780
6836
9346
46996
49506
52016
54526
57036
59546
114766
117276
119786
122296
124806
127316
129826
132336
134846
137356
139866
239011
241521
244031
246541
249051
251561
306781
6837
9347
46997
49507
52017
54527
57037
59547
114767
117277
119787
122297
124807
127317
129827
132337
134847
137357
139867
239012
241522
244032
246542
249052
251562
306782
6838
9348
46998
49508
52018
54528
57038
59548
114768
117278
119788
122298
124808
127318
129828
132338
134848
137358
139868
239013
241523
244033
246543
249053
251563
306783
6839
9349
46999
49509
52019
54529
57039
59549
114769
117279
119789
122299
124809
127319
129829
132339
134849
137359
139869
239014
241524
244034
246544
249054
251564
306784
6840
9350
47000
49510
52020
54530
57040
59550
114770
117280
119790
122300
124810
127320
129830
132340
134850
137360
139870
239015
241525
244035
246545
249055
251565
306785
6841
9351
47001
49511
52021
54531
57041
59551
114771
117281
119791
122301
124811
127321
129831
132341
134851
137361
139871
239016
241526
244036
246546
249056
251566
306786
6842
9352
47002
49512
52022
54532
57042
59552
114772
117282
119792
122302
124812
127322
129832
132342
134852
137362
139872
239017
241527
244037
246547
249057
251567
306787
6843
9353
47003
49513
52023
54533
57043
59553
114773
117283
119793
122303
124813
127323
129833
132343
134853
137363
139873
239018
241528
244038
246548
249058
251568
306788
6844
9354
47004
49514
52024
54534
57044
59554
114774
117284
119794
122304
124814
127324
129834
132344
134854
137364
139874
239019
241529
244039
246549
249059
251569
306789
6845
9355
47005
49515
52025
54535
57045
59555
114775
117285
119795
122305
124815
127325
129835
132345
134855
137365
139875
239020
241530
244040
246550
249060
251570
306790
6846
9356
47006
49516
52026
54536
57046
59556
114776
117286
119796
122306
124816
127326
129836
132346
134856
137366
139876
239021
241531
244041
246551
249061
251571
306791
6847
9357
47007
49517
52027
54537
57047
59557
114777
117287
119797
122307
124817
127327
129837
132347
134857
137367
139877
239022
241532
244042
246552
249062
251572
306792
6848
9358
47008
49518
52028
54538
57048
59558
114778
117288
119798
122308
124818
127328
129838
132348
134858
137368
139878
239023
241533
244043
246553
249063
251573
306793
6849
9359
47009
49519
52029
54539
57049
59559
114779
117289
119799
122309
124819
127329
129839
132349
134859
137369
139879
239024
241534
244044
246554
249064
251574
306794
6850
9360
47010
49520
52030
54540
57050
59560
114780
117290
119800
122310
124820
127330
129840
132350
134860
137370
139880
239025
241535
244045
246555
249065
251575
306795
6851
9361
47011
49521
52031
54541
57051
59561
114781
117291
119801
122311
124821
127331
129841
132351
134861
137371
139881
239026
241536
244046
246556
249066
251576
306796
6852
9362
47012
49522
52032
54542
57052
59562
114782
117292
119802
122312
124822
127332
129842
132352
134862
137372
139882
239027
241537
244047
246557
249067
251577
306797
6853
9363
47013
49523
52033
54543
57053
59563
114783
117293
119803
122313
124823
127333
129843
132353
134863
137373
139883
239028
241538
244048
246558
249068
251578
306798
6854
9364
47014
49524
52034
54544
57054
59564
114784
117294
119804
122314
124824
127334
129844
132354
134864
137374
139884
239029
241539
244049
246559
249069
251579
306799
6855
9365
47015
49525
52035
54545
57055
59565
114785
117295
119805
122315
124825
127335
129845
132355
134865
137375
139885
239030
241540
244050
246560
249070
251580
306800
6856
9366
47016
49526
52036
54546
57056
59566
114786
117296
119806
122316
124826
127336
129846
132356
134866
137376
139886
239031
241541
244051
246561
249071
251581
306801
6857
9367
47017
49527
52037
54547
57057
59567
114787
117297
119807
122317
124827
127337
129847
132357
134867
137377
139887
239032
241542
244052
246562
249072
251582
306802
40692
42951
99426
101685
103944
106203
108462
110721
212376
214635
216894
219153
221412
223671
225930
228189
230448
232707
234966
291441
293700
295959
298218
300477
302736
341139
40693
42952
99427
101686
103945
106204
108463
110722
212377
214636
216895
219154
221413
223672
225931
228190
230449
232708
234967
291442
293701
295960
298219
300478
302737
341140
40694
42953
99428
101687
103946
106205
108464
110723
212378
214637
216896
219155
221414
223673
225932
228191
230450
232709
234968
291443
293702
295961
298220
300479
302738
341141
40695
42954
99429
101688
103947
106206
108465
110724
212379
214638
216897
219156
221415
223674
225933
228192
230451
232710
234969
291444
293703
295962
298221
300480
302739
341142
40696
42955
99430
101689
103948
106207
108466
110725
212380
214639
216898
219157
221416
223675
225934
228193
230452
232711
234970
291445
293704
295963
298222
300481
302740
341143
40697
42956
99431
101690
103949
106208
108467
110726
212381
214640
216899
219158
221417
223676
225935
228194
230453
232712
234971
291446
293705
295964
298223
300482
302741
341144
40698
42957
99432
101691
103950
106209
108468
110727
212382
214641
216900
219159
221418
223677
225936
228195
230454
232713
234972
291447
293706
295965
298224
300483
302742
341145
40699
42958
99433
101692
103951
106210
108469
110728
212383
214642
216901
219160
221419
223678
225937
228196
230455
232714
234973
291448
293707
295966
298225
300484
302743
341146
40700
42959
99434
101693
103952
106211
108470
110729
212384
214643
216902
219161
221420
223679
225938
228197
230456
232715
234974
291449
293708
295967
298226
300485
302744
341147
40701
42960
99435
101694
103953
106212
108471
110730
212385
214644
216903
219162
221421
223680
225939
228198
230457
232716
234975
291450
293709
295968
298227
300486
302745
341148
40702
42961
99436
101695
103954
106213
108472
110731
212386
214645
216904
219163
221422
223681
225940
228199
230458
232717
234976
291451
293710
295969
298228
300487
302746
341149
40703
42962
99437
101696
103955
106214
108473
110732
212387
214646
216905
219164
221423
223682
225941
228200
230459
232718
234977
291452
293711
295970
298229
300488
302747
341150
40704
42963
99438
101697
103956
106215
108474
110733
212388
214647
216906
219165
221424
223683
225942
228201
230460
232719
234978
291453
293712
295971
298230
300489
302748
341151
40705
42964
99439
101698
103957
106216
108475
110734
212389
214648
216907
219166
221425
223684
225943
228202
230461
232720
234979
291454
293713
295972
298231
300490
302749
341152
40706
42965
99440
101699
103958
106217
108476
110735
212390
214649
216908
219167
221426
223685
225944
228203
230462
232721
234980
291455
293714
295973
298232
300491
302750
341153
40707
42966
99441
101700
103959
106218
108477
110736
212391
214650
216909
219168
221427
223686
225945
228204
230463
232722
234981
291456
293715
295974
298233
300492
302751
341154
40708
42967
99442
101701
103960
106219
108478
110737
212392
214651
216910
219169
221428
223687
225946
228205
230464
232723
234982
291457
293716
295975
298234
300493
302752
341155
40709
42968
99443
101702
103961
106220
108479
110738
212393
214652
216911
219170
221429
223688
225947
228206
230465
232724
234983
291458
293717
295976
298235
300494
302753
341156
40710
42969
99444
101703
103962
106221
108480
110739
212394
214653
216912
219171
221430
223689
225948
228207
230466
232725
234984
291459
293718
295977
298236
300495
302754
341157
40711
42970
99445
101704
103963
106222
108481
110740
212395
214654
216913
219172
221431
223690
225949
228208
230467
232726
234985
291460
293719
295978
298237
300496
302755
341158
40712
42971
99446
101705
103964
106223
108482
110741
212396
214655
216914
219173
221432
223691
225950
228209
230468
232727
234986
291461
293720
295979
298238
300497
302756
341159
40713
42972
99447
101706
103965
106224
108483
110742
212397
214656
216915
219174
221433
223692
225951
228210
230469
232728
234987
291462
293721
295980
298239
300498
302757
341160
40714
42973
99448
101707
103966
106225
108484
110743
212398
214657
216916
219175
221434
223693
225952
228211
230470
232729
234988
291463
293722
295981
298240
300499
302758
341161
40715
42974
99449
101708
103967
106226
108485
110744
212399
214658
216917
219176
221435
223694
225953
228212
230471
232730
234989
291464
293723
295982
298241
300500
302759
341162
40716
42975
99450
101709
103968
106227
108486
110745
212400
214659
216918
219177
221436
223695
225954
228213
230472
232731
234990
291465
293724
295983
298242
300501
302760
341163
40717
42976
99451
101710
103969
106228
108487
110746
212401
214660
216919
219178
221437
223696
225955
228214
230473
232732
234991
291466
293725
295984
298243
300502
302761
341164
40718
42977
99452
101711
103970
106229
108488
110747
212402
214661
216920
219179
221438
223697
225956
228215
230474
232733
234992
291467
293726
295985
298244
300503
302762
341165
40719
42978
99453
101712
103971
106230
108489
110748
212403
214662
216921
219180
221439
223698
225957
228216
230475
232734
234993
291468
293727
295986
298245
300504
302763
341166
40720
42979
99454
101713
103972
106231
108490
110749
212404
214663
216922
219181
221440
223699
225958
228217
230476
232735
234994
291469
293728
295987
298246
300505
302764
341167
40721
42980
99455
101714
103973
106232
108491
110750
212405
214664
216923
219182
221441
223700
225959
228218
230477
232736
234995
291470
293729
295988
298247
300506
302765
341168
40722
42981
99456
101715
103974
106233
108492
110751
212406
214665
216924
219183
221442
223701
225960
228219
230478
232737
234996
291471
293730
295989
298248
300507
302766
341169
40723
42982
99457
101716
103975
106234
108493
110752
212407
214666
216925
219184
221443
223702
225961
228220
230479
232738
234997
291472
293731
295990
298249
300508
302767
341170
40724
42983
99458
101717
103976
106235
108494
110753
212408
214667
216926
219185
221444
223703
225962
228221
230480
232739
234998
291473
293732
295991
298250
300509
302768
341171
40725
42984
99459
101718
103977
106236
108495
110754
212409
214668
216927
219186
221445
223704
225963
228222
230481
232740
234999
291474
293733
295992
298251
300510
302769
341172
40726
42985
99460
101719
103978
106237
108496
110755
212410
214669
216928
219187
221446
223705
225964
228223
230482
232741
235000
291475
293734
295993
298252
300511
302770
341173
40727
42986
99461
101720
103979
106238
108497
110756
212411
214670
216929
219188
221447
223706
225965
228224
230483
232742
235001
291476
293735
295994
298253
300512
302771
341174
40728
42987
99462
101721
103980
106239
108498
110757
212412
214671
216930
219189
221448
223707
225966
228225
230484
232743
235002
291477
293736
295995
298254
300513
302772
341175
40729
42988
99463
101722
103981
106240
108499
110758
212413
214672
216931
219190
221449
223708
225967
228226
230485
232744
235003
291478
293737
295996
298255
300514
302773
341176
40730
42989
99464
101723
103982
106241
108500
110759
212414
214673
216932
219191
221450
223709
225968
228227
230486
232745
235004
291479
293738
295997
298256
300515
302774
341177
40731
42990
99465
101724
103983
106242
108501
110760
212415
214674
216933
219192
221451
223710
225969
228228
230487
232746
235005
291480
293739
295998
298257
300516
302775
341178
40732
42991
99466
101725
103984
106243
108502
110761
212416
214675
216934
219193
221452
223711
225970
228229
230488
232747
235006
291481
293740
295999
298258
300517
302776
341179
40733
42992
99467
101726
103985
106244
108503
110762
212417
214676
216935
219194
221453
223712
225971
228230
230489
232748
235007
291482
293741
296000
298259
300518
302777
341180
40734
42993
99468
101727
103986
106245
108504
110763
212418
214677
216936
219195
221454
223713
225972
228231
230490
232749
235008
291483
293742
296001
298260
300519
302778
341181
40735
42994
99469
101728
103987
106246
108505
110764
212419
214678
216937
219196
221455
223714
225973
228232
230491
232750
235009
291484
293743
296002
298261
300520
302779
341182
40736
42995
99470
101729
103988
106247
108506
110765
212420
214679
216938
219197
221456
223715
225974
228233
230492
232751
235010
291485
293744
296003
298262
300521
302780
341183
40737
42996
99471
101730
103989
106248
108507
110766
212421
214680
216939
219198
221457
223716
225975
228234
230493
232752
235011
291486
293745
296004
298263
300522
302781
341184
40738
42997
99472
101731
103990
106249
108508
110767
212422
214681
216940
219199
221458
223717
225976
228235
230494
232753
235012
291487
293746
296005
298264
300523
302782
341185
40739
42998
99473
101732
103991
106250
108509
110768
212423
214682
216941
219200
221459
223718
225977
228236
230495
232754
235013
291488
293747
296006
298265
300524
302783
341186
40740
42999
99474
101733
103992
106251
108510
110769
212424
214683
216942
219201
221460
223719
225978
228237
230496
232755
235014
291489
293748
296007
298266
300525
302784
341187
40741
43000
99475
101734
103993
106252
108511
110770
212425
214684
216943
219202
221461
223720
225979
228238
230497
232756
235015
291490
293749
296008
298267
300526
302785
341188
40742
43001
99476
101735
103994
106253
108512
110771
212426
214685
216944
219203
221462
223721
225980
228239
230498
232757
235016
291491
293750
296009
298268
300527
302786
341189
7058
7309
13584
13835
14086
14337
14588
14839
15090
23122
23373
23624
23875
24126
24377
24628
24879
25130
25381
25632
25883
32660
32911
33162
33413
33664
33915
34166
40692
7059
7310
13585
13836
14087
14338
14589
14840
15091
23123
23374
23625
23876
24127
24378
24629
24880
25131
25382
25633
25884
32661
32912
33163
33414
33665
33916
34167
40693
7060
7311
13586
13837
14088
14339
14590
14841
15092
23124
23375
23626
23877
24128
24379
24630
24881
25132
25383
25634
25885
32662
32913
33164
33415
33666
33917
34168
40694
7061
7312
13587
13838
14089
14340
14591
14842
15093
23125
23376
23627
23878
24129
24380
24631
24882
25133
25384
25635
25886
32663
32914
33165
33416
33667
33918
34169
40695
7062
7313
13588
13839
14090
14341
14592
14843
15094
23126
23377
23628
23879
24130
24381
24632
24883
25134
25385
25636
25887
32664
32915
33166
33417
33668
33919
34170
40696
7063
7314
13589
13840
14091
14342
14593
14844
15095
23127
23378
23629
23880
24131
24382
24633
24884
25135
25386
25637
25888
32665
32916
33167
33418
33669
33920
34171
40697
7064
7315
13590
13841
14092
14343
14594
14845
15096
23128
23379
23630
23881
24132
24383
24634
24885
25136
25387
25638
25889
32666
32917
33168
33419
33670
33921
34172
40698
7065
7316
13591
13842
14093
14344
14595
14846
15097
23129
23380
23631
23882
24133
24384
24635
24886
25137
25388
25639
25890
32667
32918
33169
33420
33671
33922
34173
40699
7066
7317
13592
13843
14094
14345
14596
14847
15098
23130
23381
23632
23883
24134
24385
24636
24887
25138
25389
25640
25891
32668
32919
33170
33421
33672
33923
34174
40700
7067
7318
13593
13844
14095
14346
14597
14848
15099
23131
23382
23633
23884
24135
24386
24637
24888
25139
25390
25641
25892
32669
32920
33171
33422
33673
33924
34175
40701
7068
7319
13594
13845
14096
14347
14598
14849
15100
23132
23383
23634
23885
24136
24387
24638
24889
25140
25391
25642
25893
32670
32921
33172
33423
33674
33925
34176
40702
7069
7320
13595
13846
14097
14348
14599
14850
15101
23133
23384
23635
23886
24137
24388
24639
24890
25141
25392
25643
25894
32671
32922
33173
33424
33675
33926
34177
40703
7070
7321
13596
13847
14098
14349
14600
14851
15102
23134
23385
23636
23887
24138
24389
24640
24891
25142
25393
25644
25895
32672
32923
33174
33425
33676
33927
34178
40704
7071
7322
13597
13848
14099
14350
14601
14852
15103
23135
23386
23637
23888
24139
24390
24641
24892
25143
25394
25645
25896
32673
32924
33175
33426
33677
33928
34179
40705
7072
7323
13598
13849
14100
14351
14602
14853
15104
23136
23387
23638
23889
24140
24391
24642
24893
25144
25395
25646
25897
32674
32925
33176
33427
33678
33929
34180
40706
7073
7324
13599
13850
14101
14352
14603
14854
15105
23137
23388
23639
23890
24141
24392
24643
24894
25145
25396
25647
25898
32675
32926
33177
33428
33679
33930
34181
40707
7074
7325
13600
13851
14102
14353
14604
14855
15106
23138
23389
23640
23891
24142
24393
24644
24895
25146
25397
25648
25899
32676
32927
33178
33429
33680
33931
34182
40708
7075
7326
13601
13852
14103
14354
14605
14856
15107
23139
23390
23641
23892
24143
24394
24645
24896
25147
25398
25649
25900
32677
32928
33179
33430
33681
33932
34183
40709
7076
7327
13602
13853
14104
14355
14606
14857
15108
23140
23391
23642
23893
24144
24395
24646
24897
25148
25399
25650
25901
32678
32929
33180
33431
33682
33933
34184
40710
7077
7328
13603
13854
14105
14356
14607
14858
15109
23141
23392
23643
23894
24145
24396
24647
24898
25149
25400
25651
25902
32679
32930
33181
33432
33683
33934
34185
40711
7078
7329
13604
13855
14106
14357
14608
14859
15110
23142
23393
23644
23895
24146
24397
24648
24899
25150
25401
25652
25903
32680
32931
33182
33433
33684
33935
34186
40712
7079
7330
13605
13856
14107
14358
14609
14860
15111
23143
23394
23645
23896
24147
24398
24649
24900
25151
25402
25653
25904
32681
32932
33183
33434
33685
33936
34187
40713
7080
7331
13606
13857
14108
14359
14610
14861
15112
23144
23395
23646
23897
24148
24399
24650
24901
25152
25403
25654
25905
32682
32933
33184
33435
33686
33937
34188
40714
7081
7332
13607
13858
14109
14360
14611
14862
15113
23145
23396
23647
23898
24149
24400
24651
24902
25153
25404
25655
25906
32683
32934
33185
33436
33687
33938
34189
40715
7082
7333
13608
13859
14110
14361
14612
14863
15114
23146
23397
23648
23899
24150
24401
24652
24903
25154
25405
25656
25907
32684
32935
33186
33437
33688
33939
34190
40716
7083
7334
13609
13860
14111
14362
14613
14864
15115
23147
23398
23649
23900
24151
24402
24653
24904
25155
25406
25657
25908
32685
32936
33187
33438
33689
33940
34191
40717
7084
7335
13610
13861
14112
14363
14614
14865
15116
23148
23399
23650
23901
24152
24403
24654
24905
25156
25407
25658
25909
32686
32937
33188
33439
33690
33941
34192
40718
7085
7336
13611
13862
14113
14364
14615
14866
15117
23149
23400
23651
23902
24153
24404
24655
24906
25157
25408
25659
25910
32687
32938
33189
33440
33691
33942
34193
40719
7086
7337
13612
13863
14114
14365
14616
14867
15118
23150
23401
23652
23903
24154
24405
24656
24907
25158
25409
25660
25911
32688
32939
33190
33441
33692
33943
34194
40720
7087
7338
13613
13864
14115
14366
14617
14868
15119
23151
23402
23653
23904
24155
24406
24657
24908
25159
25410
25661
25912
32689
32940
33191
33442
33693
33944
34195
40721
7088
7339
13614
13865
14116
14367
14618
14869
15120
23152
23403
23654
23905
24156
24407
24658
24909
25160
25411
25662
25913
32690
32941
33192
33443
33694
33945
34196
40722
7089
7340
13615
13866
14117
14368
14619
14870
15121
23153
23404
23655
23906
24157
24408
24659
24910
25161
25412
25663
25914
32691
32942
33193
33444
33695
33946
34197
40723
7090
7341
13616
13867
14118
14369
14620
14871
15122
23154
23405
23656
23907
24158
24409
24660
24911
25162
25413
25664
25915
32692
32943
33194
33445
33696
33947
34198
40724
7091
7342
13617
13868
14119
14370
14621
14872
15123
23155
23406
23657
23908
24159
24410
24661
24912
25163
25414
25665
25916
32693
32944
33195
33446
33697
33948
34199
40725
7092
7343
13618
13869
14120
14371
14622
14873
15124
23156
23407
23658
23909
24160
24411
24662
24913
25164
25415
25666
25917
32694
32945
33196
33447
33698
33949
34200
40726
7093
7344
13619
13870
14121
14372
14623
14874
15125
23157
23408
23659
23910
24161
24412
24663
24914
25165
25416
25667
25918
32695
32946
33197
33448
33699
33950
34201
40727
7094
7345
13620
13871
14122
14373
14624
14875
15126
23158
23409
23660
23911
24162
24413
24664
24915
25166
25417
25668
25919
32696
32947
33198
33449
33700
33951
34202
40728
7095
7346
13621
13872
14123
14374
14625
14876
15127
23159
23410
23661
23912
24163
24414
24665
24916
25167
25418
25669
25920
32697
32948
33199
33450
33701
33952
34203
40729
7096
7347
13622
13873
14124
14375
14626
14877
15128
23160
23411
23662
23913
24164
24415
24666
24917
25168
25419
25670
25921
32698
32949
33200
33451
33702
33953
34204
40730
7097
7348
13623
13874
14125
14376
14627
14878
15129
23161
23412
23663
23914
24165
24416
24667
24918
25169
25420
25671
25922
32699
32950
33201
33452
33703
33954
34205
40731
7098
7349
13624
13875
14126
14377
14628
14879
15130
23162
23413
23664
23915
24166
24417
24668
24919
25170
25421
25672
25923
32700
32951
33202
33453
33704
33955
34206
40732
7099
7350
13625
13876
14127
14378
14629
14880
15131
23163
23414
23665
23916
24167
24418
24669
24920
25171
25422
25673
25924
32701
32952
33203
33454
33705
33956
34207
40733
7100
7351
13626
13877
14128
14379
14630
14881
15132
23164
23415
23666
23917
24168
24419
24670
24921
25172
25423
25674
25925
32702
32953
33204
33455
33706
33957
34208
40734
7101
7352
13627
13878
14129
14380
14631
14882
15133
23165
23416
23667
23918
24169
24420
24671
24922
25173
25424
25675
25926
32703
32954
33205
33456
33707
33958
34209
40735
7102
7353
13628
13879
14130
14381
14632
14883
15134
23166
23417
23668
23919
24170
24421
24672
24923
25174
25425
25676
25927
32704
32955
33206
33457
33708
33959
34210
40736
7103
7354
13629
13880
14131
14382
14633
14884
15135
23167
23418
23669
23920
24171
24422
24673
24924
25175
25426
25677
25928
32705
32956
33207
33458
33709
33960
34211
40737
7104
7355
13630
13881
14132
14383
14634
14885
15136
23168
23419
23670
23921
24172
24423
24674
24925
25176
25427
25678
25929
32706
32957
33208
33459
33710
33961
34212
40738
7105
7356
13631
13882
14133
14384
14635
14886
15137
23169
23420
23671
23922
24173
24424
24675
24926
25177
25428
25679
25930
32707
32958
33209
33460
33711
33962
34213
40739
7106
7357
13632
13883
14134
14385
14636
14887
15138
23170
23421
23672
23923
24174
24425
24676
24927
25178
25429
25680
25931
32708
32959
33210
33461
33712
33963
34214
40740
7107
7358
13633
13884
14135
14386
14637
14888
15139
23171
23422
23673
23924
24175
24426
24677
24928
25179
25430
25681
25932
32709
32960
33211
33462
33713
33964
34215
40741
7108
7359
13634
13885
14136
14387
14638
14889
15140
23172
23423
23674
23925
24176
24427
24678
24929
25180
25431
25682
25933
32710
32961
33212
33463
33714
33965
34216
40742
307003
307254
315035
315286
315537
315788
316039
316290
316541
322063
322314
322565
322816
323067
323318
323569
323820
324071
324322
324573
324824
334111
334362
334613
334864
335115
335366
335617
341139
307004
307255
315036
315287
315538
315789
316040
316291
316542
322064
322315
322566
322817
323068
323319
323570
323821
324072
324323
324574
324825
334112
334363
334614
334865
335116
335367
335618
341140
307005
307256
315037
315288
315539
315790
316041
316292
316543
322065
322316
322567
322818
323069
323320
323571
323822
324073
324324
324575
324826
334113
334364
334615
334866
335117
335368
335619
341141
307006
307257
315038
315289
315540
315791
316042
316293
316544
322066
322317
322568
322819
323070
323321
323572
323823
324074
324325
324576
324827
334114
334365
334616
334867
335118
335369
335620
341142
307007
307258
315039
315290
315541
315792
316043
316294
316545
322067
322318
322569
322820
323071
323322
323573
323824
324075
324326
324577
324828
334115
334366
334617
334868
335119
335370
335621
341143
307008
307259
315040
315291
315542
315793
316044
316295
316546
322068
322319
322570
322821
323072
323323
323574
323825
324076
324327
324578
324829
334116
334367
334618
334869
335120
335371
335622
341144
307009
307260
315041
315292
315543
315794
316045
316296
316547
322069
322320
322571
322822
323073
323324
323575
323826
324077
324328
324579
324830
334117
334368
334619
334870
335121
335372
335623
341145
307010
307261
315042
315293
315544
315795
316046
316297
316548
322070
322321
322572
322823
323074
323325
323576
323827
324078
324329
324580
324831
334118
334369
334620
334871
335122
335373
335624
341146
307011
307262
315043
315294
315545
315796
316047
316298
316549
322071
322322
322573
322824
323075
323326
323577
323828
324079
324330
324581
324832
334119
334370
334621
334872
335123
335374
335625
341147
307012
307263
315044
315295
315546
315797
316048
316299
316550
322072
322323
322574
322825
323076
323327
323578
323829
324080
324331
324582
324833
334120
334371
334622
334873
335124
335375
335626
341148
307013
307264
315045
315296
315547
315798
316049
316300
316551
322073
322324
322575
322826
323077
323328
323579
323830
324081
324332
324583
324834
334121
334372
334623
334874
335125
335376
335627
341149
307014
307265
315046
315297
315548
315799
316050
316301
316552
322074
322325
322576
322827
323078
323329
323580
323831
324082
324333
324584
324835
334122
334373
334624
334875
335126
335377
335628
341150
307015
307266
315047
315298
315549
315800
316051
316302
316553
322075
322326
322577
322828
323079
323330
323581
323832
324083
324334
324585
324836
334123
334374
334625
334876
335127
335378
335629
341151
307016
307267
315048
315299
315550
315801
316052
316303
316554
322076
322327
322578
322829
323080
323331
323582
323833
324084
324335
324586
324837
334124
334375
334626
334877
335128
335379
335630
341152
307017
307268
315049
315300
315551
315802
316053
316304
316555
322077
322328
322579
322830
323081
323332
323583
323834
324085
324336
324587
324838
334125
334376
334627
334878
335129
335380
335631
341153
307018
307269
315050
315301
315552
315803
316054
316305
316556
322078
322329
322580
322831
323082
323333
323584
323835
324086
324337
324588
324839
334126
334377
334628
334879
335130
335381
335632
341154
307019
307270
315051
315302
315553
315804
316055
316306
316557
322079
322330
322581
322832
323083
323334
323585
323836
324087
324338
324589
324840
334127
334378
334629
334880
335131
335382
335633
341155
307020
307271
315052
315303
315554
315805
316056
316307
316558
322080
322331
322582
322833
323084
323335
323586
323837
324088
324339
324590
324841
334128
334379
334630
334881
335132
335383
335634
341156
307021
307272
315053
315304
315555
315806
316057
316308
316559
322081
322332
322583
322834
323085
323336
323587
323838
324089
324340
324591
324842
334129
334380
334631
334882
335133
335384
335635
341157
307022
307273
315054
315305
315556
315807
316058
316309
316560
322082
322333
322584
322835
323086
323337
323588
323839
324090
324341
324592
324843
334130
334381
334632
334883
335134
335385
335636
341158
307023
307274
315055
315306
315557
315808
316059
316310
316561
322083
322334
322585
322836
323087
323338
323589
323840
324091
324342
324593
324844
334131
334382
334633
334884
335135
335386
335637
341159
307024
307275
315056
315307
315558
315809
316060
316311
316562
322084
322335
322586
322837
323088
323339
323590
323841
324092
324343
324594
324845
334132
334383
334634
334885
335136
335387
335638
341160
307025
307276
315057
315308
315559
315810
316061
316312
316563
322085
322336
322587
322838
323089
323340
323591
323842
324093
324344
324595
324846
334133
334384
334635
334886
335137
335388
335639
341161
307026
307277
315058
315309
315560
315811
316062
316313
316564
322086
322337
322588
322839
323090
323341
323592
323843
324094
324345
324596
324847
334134
334385
334636
334887
335138
335389
335640
341162
307027
307278
315059
315310
315561
315812
316063
316314
316565
322087
322338
322589
322840
323091
323342
323593
323844
324095
324346
324597
324848
334135
334386
334637
334888
335139
335390
335641
341163
307028
307279
315060
315311
315562
315813
316064
316315
316566
322088
322339
322590
322841
323092
323343
323594
323845
324096
324347
324598
324849
334136
334387
334638
334889
335140
335391
335642
341164
307029
307280
315061
315312
315563
315814
316065
316316
316567
322089
322340
322591
322842
323093
323344
323595
323846
324097
324348
324599
324850
334137
334388
334639
334890
335141
335392
335643
341165
307030
307281
315062
315313
315564
315815
316066
316317
316568
322090
322341
322592
322843
323094
323345
323596
323847
324098
324349
324600
324851
334138
334389
334640
334891
335142
335393
335644
341166
307031
307282
315063
315314
315565
315816
316067
316318
316569
322091
322342
322593
322844
323095
323346
323597
323848
324099
324350
324601
324852
334139
334390
334641
334892
335143
335394
335645
341167
307032
307283
315064
315315
315566
315817
316068
316319
316570
322092
322343
322594
322845
323096
323347
323598
323849
324100
324351
324602
324853
334140
334391
334642
334893
335144
335395
335646
341168
307033
307284
315065
315316
315567
315818
316069
316320
316571
322093
322344
322595
322846
323097
323348
323599
323850
324101
324352
324603
324854
334141
334392
334643
334894
335145
335396
335647
341169
307034
307285
315066
315317
315568
315819
316070
316321
316572
322094
322345
322596
322847
323098
323349
323600
323851
324102
324353
324604
324855
334142
334393
334644
334895
335146
335397
335648
341170
307035
307286
315067
315318
315569
315820
316071
316322
316573
322095
322346
322597
322848
323099
323350
323601
323852
324103
324354
324605
324856
334143
334394
334645
334896
335147
335398
335649
341171
307036
307287
315068
315319
315570
315821
316072
316323
316574
322096
322347
322598
322849
323100
323351
323602
323853
324104
324355
324606
324857
334144
334395
334646
334897
335148
335399
335650
341172
307037
307288
315069
315320
315571
315822
316073
316324
316575
322097
322348
322599
322850
323101
323352
323603
323854
324105
324356
324607
324858
334145
334396
334647
334898
335149
335400
335651
341173
307038
307289
315070
315321
315572
315823
316074
316325
316576
322098
322349
322600
322851
323102
323353
323604
323855
324106
324357
324608
324859
334146
334397
334648
334899
335150
335401
335652
341174
307039
307290
315071
315322
315573
315824
316075
316326
316577
322099
322350
322601
322852
323103
323354
323605
323856
324107
324358
324609
324860
334147
334398
334649
334900
335151
335402
335653
341175
307040
307291
315072
315323
315574
315825
316076
316327
316578
322100
322351
322602
322853
323104
323355
323606
323857
324108
324359
324610
324861
334148
334399
334650
334901
335152
335403
335654
341176
307041
307292
315073
315324
315575
315826
316077
316328
316579
322101
322352
322603
322854
323105
323356
323607
323858
324109
324360
324611
324862
334149
334400
334651
334902
335153
335404
335655
341177
307042
307293
315074
315325
315576
315827
316078
316329
316580
322102
322353
322604
322855
323106
323357
323608
323859
324110
324361
324612
324863
334150
334401
334652
334903
335154
335405
335656
341178
307043
307294
315075
315326
315577
315828
316079
316330
316581
322103
322354
322605
322856
323107
323358
323609
323860
324111
324362
324613
324864
334151
334402
334653
334904
335155
335406
335657
341179
307044
307295
315076
315327
315578
315829
316080
316331
316582
322104
322355
322606
322857
323108
323359
323610
323861
324112
324363
324614
324865
334152
334403
334654
334905
335156
335407
335658
341180
307045
307296
315077
315328
315579
315830
316081
316332
316583
322105
322356
322607
322858
323109
323360
323611
323862
324113
324364
324615
324866
334153
334404
334655
334906
335157
335408
335659
341181
307046
307297
315078
315329
315580
315831
316082
316333
316584
322106
322357
322608
322859
323110
323361
323612
323863
324114
324365
324616
324867
334154
334405
334656
334907
335158
335409
335660
341182
307047
307298
315079
315330
315581
315832
316083
316334
316585
322107
322358
322609
322860
323111
323362
323613
323864
324115
324366
324617
324868
334155
334406
334657
334908
335159
335410
335661
341183
307048
307299
315080
315331
315582
315833
316084
316335
316586
322108
322359
322610
322861
323112
323363
323614
323865
324116
324367
324618
324869
334156
334407
334658
334909
335160
335411
335662
341184
307049
307300
315081
315332
315583
315834
316085
316336
316587
322109
322360
322611
322862
323113
323364
323615
323866
324117
324368
324619
324870
334157
334408
334659
334910
335161
335412
335663
341185
307050
307301
315082
315333
315584
315835
316086
316337
316588
322110
322361
322612
322863
323114
323365
323616
323867
324118
324369
324620
324871
334158
334409
334660
334911
335162
335413
335664
341186
307051
307302
315083
315334
315585
315836
316087
316338
316589
322111
322362
322613
322864
323115
323366
323617
323868
324119
324370
324621
324872
334159
334410
334661
334912
335163
335414
335665
341187
307052
307303
315084
315335
315586
315837
316088
316339
316590
322112
322363
322614
322865
323116
323367
323618
323869
324120
324371
324622
324873
334160
334411
334662
334913
335164
335415
335666
341188
307053
307304
315085
315336
315587
315838
316089
316340
316591
322113
322364
322615
322866
323117
323368
323619
323870
324121
324372
324623
324874
334161
334412
334663
334914
335165
335416
335667
341189
7202
9712
47362
49872
52382
54892
57402
59912
115132
117642
120152
122662
125172
127682
130192
132702
135212
137722
140232
239377
241887
244397
246907
249417
251927
307147
7453
9963
47613
50123
52633
55143
57653
60163
115383
117893
120403
122913
125423
127933
130443
132953
135463
137973
140483
239628
242138
244648
247158
249668
252178
307398
13728
15485
60414
62171
63928
65685
67442
69199
140734
142491
144248
146005
147762
149519
151276
153033
154790
156547
158304
252429
254186
255943
257700
259457
261214
315179
13979
15736
60665
62422
64179
65936
67693
69450
140985
142742
144499
146256
148013
149770
151527
153284
155041
156798
158555
252680
254437
256194
257951
259708
261465
315430
14230
15987
60916
62673
64430
66187
67944
69701
141236
142993
144750
146507
148264
150021
151778
153535
155292
157049
158806
252931
254688
256445
258202
259959
261716
315681
14481
16238
61167
62924
64681
66438
68195
69952
141487
143244
145001
146758
148515
150272
152029
153786
155543
157300
159057
253182
254939
256696
258453
260210
261967
315932
14732
16489
61418
63175
64932
66689
68446
70203
141738
143495
145252
147009
148766
150523
152280
154037
155794
157551
159308
253433
255190
256947
258704
260461
262218
316183
14983
16740
61669
63426
65183
66940
68697
70454
141989
143746
145503
147260
149017
150774
152531
154288
156045
157802
159559
253684
255441
257198
258955
260712
262469
316434
15234
16991
61920
63677
65434
67191
68948
70705
142240
143997
145754
147511
149268
151025
152782
154539
156296
158053
159810
253935
255692
257449
259206
260963
262720
316685
23266
26278
70956
73968
76980
79992
83004
86016
160061
163073
166085
169097
172109
175121
178133
181145
184157
187169
190181
262971
265983
268995
272007
275019
278031
322207
23517
26529
71207
74219
77231
80243
83255
86267
160312
163324
166336
169348
172360
175372
178384
181396
184408
187420
190432
263222
266234
269246
272258
275270
278282
322458
23768
26780
71458
74470
77482
80494
83506
86518
160563
163575
166587
169599
172611
175623
178635
181647
184659
187671
190683
263473
266485
269497
272509
275521
278533
322709
24019
27031
71709
74721
77733
80745
83757
86769
160814
163826
166838
169850
172862
175874
178886
181898
184910
187922
190934
263724
266736
269748
272760
275772
278784
322960
24270
27282
71960
74972
77984
80996
84008
87020
161065
164077
167089
170101
173113
176125
179137
182149
185161
188173
191185
263975
266987
269999
273011
276023
279035
323211
24521
27533
72211
75223
78235
81247
84259
87271
161316
164328
167340
170352
173364
176376
179388
182400
185412
188424
191436
264226
267238
270250
273262
276274
279286
323462
24772
27784
72462
75474
78486
81498
84510
87522
161567
164579
167591
170603
173615
176627
179639
182651
185663
188675
191687
264477
267489
270501
273513
276525
279537
323713
25023
28035
72713
75725
78737
81749
84761
87773
161818
164830
167842
170854
173866
176878
179890
182902
185914
188926
191938
264728
267740
270752
273764
276776
279788
323964
25274
28286
72964
75976
78988
82000
85012
88024
162069
165081
168093
171105
174117
177129
180141
183153
186165
189177
192189
264979
267991
271003
274015
277027
280039
324215
25525
28537
73215
76227
79239
82251
85263
88275
162320
165332
168344
171356
174368
177380
180392
183404
186416
189428
192440
265230
268242
271254
274266
277278
280290
324466
25776
28788
73466
76478
79490
82502
85514
88526
162571
165583
168595
171607
174619
177631
180643
183655
186667
189679
192691
265481
268493
271505
274517
277529
280541
324717
26027
29039
73717
76729
79741
82753
85765
88777
162822
165834
168846
171858
174870
177882
180894
183906
186918
189930
192942
265732
268744
271756
274768
277780
280792
324968
32804
34561
89028
90785
92542
94299
96056
97813
193193
194950
196707
198464
200221
201978
203735
205492
207249
209006
210763
281043
282800
284557
286314
288071
289828
334255
33055
34812
89279
91036
92793
94550
96307
98064
193444
195201
196958
198715
200472
202229
203986
205743
207500
209257
211014
281294
283051
284808
286565
288322
290079
334506
33306
35063
89530
91287
93044
94801
96558
98315
193695
195452
197209
198966
200723
202480
204237
205994
207751
209508
211265
281545
283302
285059
286816
288573
290330
334757
33557
35314
89781
91538
93295
95052
96809
98566
193946
195703
197460
199217
200974
202731
204488
206245
208002
209759
211516
281796
283553
285310
287067
288824
290581
335008
33808
35565
90032
91789
93546
95303
97060
98817
194197
195954
197711
199468
201225
202982
204739
206496
208253
210010
211767
282047
283804
285561
287318
289075
290832
335259
34059
35816
90283
92040
93797
95554
97311
99068
194448
196205
197962
199719
201476
203233
204990
206747
208504
210261
212018
282298
284055
285812
287569
289326
291083
335510
34310
36067
90534
92291
94048
95805
97562
99319
194699
196456
198213
199970
201727
203484
205241
206998
208755
210512
212269
282549
284306
286063
287820
289577
291334
335761
40836
43095
99570
101829
104088
106347
108606
110865
212520
214779
217038
219297
221556
223815
226074
228333
230592
232851
235110
291585
293844
296103
298362
300621
302880
341283
7252
9762
47412
49922
52432
54942
57452
59962
115182
117692
120202
122712
125222
127732
130242
132752
135262
137772
140282
239427
241937
244447
246957
249467
251977
307197
7503
10013
47663
50173
52683
55193
57703
60213
115433
117943
120453
122963
125473
127983
130493
133003
135513
138023
140533
239678
242188
244698
247208
249718
252228
307448
13778
15535
60464
62221
63978
65735
67492
69249
140784
142541
144298
146055
147812
149569
151326
153083
154840
156597
158354
252479
254236
255993
257750
259507
261264
315229
14029
15786
60715
62472
64229
65986
67743
69500
141035
142792
144549
146306
148063
149820
151577
153334
155091
156848
158605
252730
254487
256244
258001
259758
261515
315480
14280
16037
60966
62723
64480
66237
67994
69751
141286
143043
144800
146557
148314
150071
151828
153585
155342
157099
158856
252981
254738
256495
258252
260009
261766
315731
14531
16288
61217
62974
64731
66488
68245
70002
141537
143294
145051
146808
148565
150322
152079
153836
155593
157350
159107
253232
254989
256746
258503
260260
262017
315982
14782
16539
61468
63225
64982
66739
68496
70253
141788
143545
145302
147059
148816
150573
152330
154087
155844
157601
159358
253483
255240
256997
258754
260511
262268
316233
15033
16790
61719
63476
65233
66990
68747
70504
142039
143796
145553
147310
149067
150824
152581
154338
156095
157852
159609
253734
255491
257248
259005
260762
262519
316484
15284
17041
61970
63727
65484
67241
68998
70755
142290
144047
145804
147561
149318
151075
152832
154589
156346
158103
159860
253985
255742
257499
259256
261013
262770
316735
23316
26328
71006
74018
77030
80042
83054
86066
160111
163123
166135
169147
172159
175171
178183
181195
184207
187219
190231
263021
266033
269045
272057
275069
278081
322257
23567
26579
71257
74269
77281
80293
83305
86317
160362
163374
166386
169398
172410
175422
178434
181446
184458
187470
190482
263272
266284
269296
272308
275320
278332
322508
23818
26830
71508
74520
77532
80544
83556
86568
160613
163625
166637
169649
172661
175673
178685
181697
184709
187721
190733
263523
266535
269547
272559
275571
278583
322759
24069
27081
71759
74771
77783
80795
83807
86819
160864
163876
166888
169900
172912
175924
178936
181948
184960
187972
190984
263774
266786
269798
272810
275822
278834
323010
24320
27332
72010
75022
78034
81046
84058
87070
161115
164127
167139
170151
173163
176175
179187
182199
185211
188223
191235
264025
267037
270049
273061
276073
279085
323261
24571
27583
72261
75273
78285
81297
84309
87321
161366
164378
167390
170402
173414
176426
179438
182450
185462
188474
191486
264276
267288
270300
273312
276324
279336
323512
24822
27834
72512
75524
78536
81548
84560
87572
161617
164629
167641
170653
173665
176677
179689
182701
185713
188725
191737
264527
267539
270551
273563
276575
279587
323763
25073
28085
72763
75775
78787
81799
84811
87823
161868
164880
167892
170904
173916
176928
179940
182952
185964
188976
191988
264778
267790
270802
273814
276826
279838
324014
25324
28336
73014
76026
79038
82050
85062
88074
162119
165131
168143
171155
174167
177179
180191
183203
186215
189227
192239
265029
268041
271053
274065
277077
280089
324265
25575
28587
73265
76277
79289
82301
85313
88325
162370
165382
168394
171406
174418
177430
180442
183454
186466
189478
192490
265280
268292
271304
274316
277328
280340
324516
25826
28838
73516
76528
79540
82552
85564
88576
162621
165633
168645
171657
174669
177681
180693
183705
186717
189729
192741
265531
268543
271555
274567
277579
280591
324767
26077
29089
73767
76779
79791
82803
85815
88827
162872
165884
168896
171908
174920
177932
180944
183956
186968
189980
192992
265782
268794
271806
274818
277830
280842
325018
32854
34611
89078
90835
92592
94349
96106
97863
193243
195000
196757
198514
200271
202028
203785
205542
207299
209056
210813
281093
282850
284607
286364
288121
289878
334305
33105
34862
89329
91086
92843
94600
96357
98114
193494
195251
197008
198765
200522
202279
204036
205793
207550
209307
211064
281344
283101
284858
286615
288372
290129
334556
33356
35113
89580
91337
93094
94851
96608
98365
193745
195502
197259
199016
200773
202530
204287
206044
207801
209558
211315
281595
283352
285109
286866
288623
290380
334807
33607
35364
89831
91588
93345
95102
96859
98616
193996
195753
197510
199267
201024
202781
204538
206295
208052
209809
211566
281846
283603
285360
287117
288874
290631
335058
33858
35615
90082
91839
93596
95353
97110
98867
194247
196004
197761
199518
201275
203032
204789
206546
208303
210060
211817
282097
283854
285611
287368
289125
290882
335309
34109
35866
90333
92090
93847
95604
97361
99118
194498
196255
198012
199769
201526
203283
205040
206797
208554
210311
212068
282348
284105
285862
287619
289376
291133
335560
34360
36117
90584
92341
94098
95855
97612
99369
194749
196506
198263
200020
201777
203534
205291
207048
208805
210562
212319
282599
284356
286113
287870
289627
291384
335811
40886
43145
99620
101879
104138
106397
108656
110915
212570
214829
217088
219347
221606
223865
226124
228383
230642
232901
235160
291635
293894
296153
298412
300671
302930
341333
6951
9461
47111
49621
52131
54641
57151
59661
114881
117391
119901
122411
124921
127431
129941
132451
134961
137471
139981
239126
241636
244146
246656
249166
251676
306896
6952
9462
47112
49622
52132
54642
57152
59662
114882
117392
119902
122412
124922
127432
129942
132452
134962
137472
139982
239127
241637
244147
246657
249167
251677
306897
6953
9463
47113
49623
52133
54643
57153
59663
114883
117393
119903
122413
124923
127433
129943
132453
134963
137473
139983
239128
241638
244148
246658
249168
251678
306898
6954
9464
47114
49624
52134
54644
57154
59664
114884
117394
119904
122414
124924
127434
129944
132454
134964
137474
139984
239129
241639
244149
246659
249169
251679
306899
6955
9465
47115
49625
52135
54645
57155
59665
114885
117395
119905
122415
124925
127435
129945
132455
134965
137475
139985
239130
241640
244150
246660
249170
251680
306900
6956
9466
47116
49626
52136
54646
57156
59666
114886
117396
119906
122416
124926
127436
129946
132456
134966
137476
139986
239131
241641
244151
246661
249171
251681
306901
6957
9467
47117
49627
52137
54647
57157
59667
114887
117397
119907
122417
124927
127437
129947
132457
134967
137477
139987
239132
241642
244152
246662
249172
251682
306902
6958
9468
47118
49628
52138
54648
57158
59668
114888
117398
119908
122418
124928
127438
129948
132458
134968
137478
139988
239133
241643
244153
246663
249173
251683
306903
6959
9469
47119
49629
52139
54649
57159
59669
114889
117399
119909
122419
124929
127439
129949
132459
134969
137479
139989
239134
241644
244154
246664
249174
251684
306904
6960
9470
47120
49630
52140
54650
57160
59670
114890
117400
119910
122420
124930
127440
129950
132460
134970
137480
139990
239135
241645
244155
246665
249175
251685
306905
6961
9471
47121
49631
52141
54651
57161
59671
114891
117401
119911
122421
124931
127441
129951
132461
134971
137481
139991
239136
241646
244156
246666
249176
251686
306906
6962
9472
47122
49632
52142
54652
57162
59672
114892
117402
119912
122422
124932
127442
129952
132462
134972
137482
139992
239137
241647
244157
246667
249177
251687
306907
6963
9473
47123
49633
52143
54653
57163
59673
114893
117403
119913
122423
124933
127443
129953
132463
134973
137483
139993
239138
241648
244158
246668
249178
251688
306908
6964
9474
47124
49634
52144
54654
57164
59674
114894
117404
119914
122424
124934
127444
129954
132464
134974
137484
139994
239139
241649
244159
246669
249179
251689
306909
6965
9475
47125
49635
52145
54655
57165
59675
114895
117405
119915
122425
124935
127445
129955
132465
134975
137485
139995
239140
241650
244160
246670
249180
251690
306910
6966
9476
47126
49636
52146
54656
57166
59676
114896
117406
119916
122426
124936
127446
129956
132466
134976
137486
139996
239141
241651
244161
246671
249181
251691
306911
6967
9477
47127
49637
52147
54657
57167
59677
114897
117407
119917
122427
124937
127447
129957
132467
134977
137487
139997
239142
241652
244162
246672
249182
251692
306912
6968
9478
47128
49638
52148
54658
57168
59678
114898
117408
119918
122428
124938
127448
129958
132468
134978
137488
139998
239143
241653
244163
246673
249183
251693
306913
6969
9479
47129
49639
52149
54659
57169
59679
114899
117409
119919
122429
124939
127449
129959
132469
134979
137489
139999
239144
241654
244164
246674
249184
251694
306914
6970
9480
47130
49640
52150
54660
57170
59680
114900
117410
119920
122430
124940
127450
129960
132470
134980
137490
140000
239145
241655
244165
246675
249185
251695
306915
6971
9481
47131
49641
52151
54661
57171
59681
114901
117411
119921
122431
124941
127451
129961
132471
134981
137491
140001
239146
241656
244166
246676
249186
251696
306916
6972
9482
47132
49642
52152
54662
57172
59682
114902
117412
119922
122432
124942
127452
129962
132472
134982
137492
140002
239147
241657
244167
246677
249187
251697
306917
6973
9483
47133
49643
52153
54663
57173
59683
114903
117413
119923
122433
124943
127453
129963
132473
134983
137493
140003
239148
241658
244168
246678
249188
251698
306918
6974
9484
47134
49644
52154
54664
57174
59684
114904
117414
119924
122434
124944
127454
129964
132474
134984
137494
140004
239149
241659
244169
246679
249189
251699
306919
6975
9485
47135
49645
52155
54665
57175
59685
114905
117415
119925
122435
124945
127455
129965
132475
134985
137495
140005
239150
241660
244170
246680
249190
251700
306920
6976
9486
47136
49646
52156
54666
57176
59686
114906
117416
119926
122436
124946
127456
129966
132476
134986
137496
140006
239151
241661
244171
246681
249191
251701
306921
6977
9487
47137
49647
52157
54667
57177
59687
114907
117417
119927
122437
124947
127457
129967
132477
134987
137497
140007
239152
241662
244172
246682
249192
251702
306922
6978
9488
47138
49648
52158
54668
57178
59688
114908
117418
119928
122438
124948
127458
129968
132478
134988
137498
140008
239153
241663
244173
246683
249193
251703
306923
6979
9489
47139
49649
52159
54669
57179
59689
114909
117419
119929
122439
124949
127459
129969
132479
134989
137499
140009
239154
241664
244174
246684
249194
251704
306924
6980
9490
47140
49650
52160
54670
57180
59690
114910
117420
119930
122440
124950
127460
129970
132480
134990
137500
140010
239155
241665
244175
246685
249195
251705
306925
6981
9491
47141
49651
52161
54671
57181
59691
114911
117421
119931
122441
124951
127461
129971
132481
134991
137501
140011
239156
241666
244176
246686
249196
251706
306926
6982
9492
47142
49652
52162
54672
57182
59692
114912
117422
119932
122442
124952
127462
129972
132482
134992
137502
140012
239157
241667
244177
246687
249197
251707
306927
6983
9493
47143
49653
52163
54673
57183
59693
114913
117423
119933
122443
124953
127463
129973
132483
134993
137503
140013
239158
241668
244178
246688
249198
251708
306928
6984
9494
47144
49654
52164
54674
57184
59694
114914
117424
119934
122444
124954
127464
129974
132484
134994
137504
140014
239159
241669
244179
246689
249199
251709
306929
6985
9495
47145
49655
52165
54675
57185
59695
114915
117425
119935
122445
124955
127465
129975
132485
134995
137505
140015
239160
241670
244180
246690
249200
251710
306930
6986
9496
47146
49656
52166
54676
57186
59696
114916
117426
119936
122446
124956
127466
129976
132486
134996
137506
140016
239161
241671
244181
246691
249201
251711
306931
6987
9497
47147
49657
52167
54677
57187
59697
114917
117427
119937
122447
124957
127467
129977
132487
134997
137507
140017
239162
241672
244182
246692
249202
251712
306932
6988
9498
47148
49658
52168
54678
57188
59698
114918
117428
119938
122448
124958
127468
129978
132488
134998
137508
140018
239163
241673
244183
246693
249203
251713
306933
6989
9499
47149
49659
52169
54679
57189
59699
114919
117429
119939
122449
124959
127469
129979
132489
134999
137509
140019
239164
241674
244184
246694
249204
251714
306934
6990
9500
47150
49660
52170
54680
57190
59700
114920
117430
119940
122450
124960
127470
129980
132490
135000
137510
140020
239165
241675
244185
246695
249205
251715
306935
6991
9501
47151
49661
52171
54681
57191
59701
114921
117431
119941
122451
124961
127471
129981
132491
135001
137511
140021
239166
241676
244186
246696
249206
251716
306936
6992
9502
47152
49662
52172
54682
57192
59702
114922
117432
119942
122452
124962
127472
129982
132492
135002
137512
140022
239167
241677
244187
246697
249207
251717
306937
6993
9503
47153
49663
52173
54683
57193
59703
114923
117433
119943
122453
124963
127473
129983
132493
135003
137513
140023
239168
241678
244188
246698
249208
251718
306938
6994
9504
47154
49664
52174
54684
57194
59704
114924
117434
119944
122454
124964
127474
129984
132494
135004
137514
140024
239169
241679
244189
246699
249209
251719
306939
6995
9505
47155
49665
52175
54685
57195
59705
114925
117435
119945
122455
124965
127475
129985
132495
135005
137515
140025
239170
241680
244190
246700
249210
251720
306940
6996
9506
47156
49666
52176
54686
57196
59706
114926
117436
119946
122456
124966
127476
129986
132496
135006
137516
140026
239171
241681
244191
246701
249211
251721
306941
6997
9507
47157
49667
52177
54687
57197
59707
114927
117437
119947
122457
124967
127477
129987
132497
135007
137517
140027
239172
241682
244192
246702
249212
251722
306942
6998
9508
47158
49668
52178
54688
57198
59708
114928
117438
119948
122458
124968
127478
129988
132498
135008
137518
140028
239173
241683
244193
246703
249213
251723
306943
6999
9509
47159
49669
52179
54689
57199
59709
114929
117439
119949
122459
124969
127479
129989
132499
135009
137519
140029
239174
241684
244194
246704
249214
251724
306944
7000
9510
47160
49670
52180
54690
57200
59710
114930
117440
119950
122460
124970
127480
129990
132500
135010
137520
140030
239175
241685
244195
246705
249215
251725
306945
7001
9511
47161
49671
52181
54691
57201
59711
114931
117441
119951
122461
124971
127481
129991
132501
135011
137521
140031
239176
241686
244196
246706
249216
251726
306946
40836
43095
99570
101829
104088
106347
108606
110865
212520
214779
217038
219297
221556
223815
226074
228333
230592
232851
235110
291585
293844
296103
298362
300621
302880
341283
40837
43096
99571
101830
104089
106348
108607
110866
212521
214780
217039
219298
221557
223816
226075
228334
230593
232852
235111
291586
293845
296104
298363
300622
302881
341284
40838
43097
99572
101831
104090
106349
108608
110867
212522
214781
217040
219299
221558
223817
226076
228335
230594
232853
235112
291587
293846
296105
298364
300623
302882
341285
40839
43098
99573
101832
104091
106350
108609
110868
212523
214782
217041
219300
221559
223818
226077
228336
230595
232854
235113
291588
293847
296106
298365
300624
302883
341286
40840
43099
99574
101833
104092
106351
108610
110869
212524
214783
217042
219301
221560
223819
226078
228337
230596
232855
235114
291589
293848
296107
298366
300625
302884
341287
40841
43100
99575
101834
104093
106352
108611
110870
212525
214784
217043
219302
221561
223820
226079
228338
230597
232856
235115
291590
293849
296108
298367
300626
302885
341288
40842
43101
99576
101835
104094
106353
108612
110871
212526
214785
217044
219303
221562
223821
226080
228339
230598
232857
235116
291591
293850
296109
298368
300627
302886
341289
40843
43102
99577
101836
104095
106354
108613
110872
212527
214786
217045
219304
221563
223822
226081
228340
230599
232858
235117
291592
293851
296110
298369
300628
302887
341290
40844
43103
99578
101837
104096
106355
108614
110873
212528
214787
217046
219305
221564
223823
226082
228341
230600
232859
235118
291593
293852
296111
298370
300629
302888
341291
40845
43104
99579
101838
104097
106356
108615
110874
212529
214788
217047
219306
221565
223824
226083
228342
230601
232860
235119
291594
293853
296112
298371
300630
302889
341292
40846
43105
99580
101839
104098
106357
108616
110875
212530
214789
217048
219307
221566
223825
226084
228343
230602
232861
235120
291595
293854
296113
298372
300631
302890
341293
40847
43106
99581
101840
104099
106358
108617
110876
212531
214790
217049
219308
221567
223826
226085
228344
230603
232862
235121
291596
293855
296114
298373
300632
302891
341294
40848
43107
99582
101841
104100
106359
108618
110877
212532
214791
217050
219309
221568
223827
226086
228345
230604
232863
235122
291597
293856
296115
298374
300633
302892
341295
40849
43108
99583
101842
104101
106360
108619
110878
212533
214792
217051
219310
221569
223828
226087
228346
230605
232864
235123
291598
293857
296116
298375
300634
302893
341296
40850
43109
99584
101843
104102
106361
108620
110879
212534
214793
217052
219311
221570
223829
226088
228347
230606
232865
235124
291599
293858
296117
298376
300635
302894
341297
40851
43110
99585
101844
104103
106362
108621
110880
212535
214794
217053
219312
221571
223830
226089
228348
230607
232866
235125
291600
293859
296118
298377
300636
302895
341298
40852
43111
99586
101845
104104
106363
108622
110881
212536
214795
217054
219313
221572
223831
226090
228349
230608
232867
235126
291601
293860
296119
298378
300637
302896
341299
40853
43112
99587
101846
104105
106364
108623
110882
212537
214796
217055
219314
221573
223832
226091
228350
230609
232868
235127
291602
293861
296120
298379
300638
302897
341300
40854
43113
99588
101847
104106
106365
108624
110883
212538
214797
217056
219315
221574
223833
226092
228351
230610
232869
235128
291603
293862
296121
298380
300639
302898
341301
40855
43114
99589
101848
104107
106366
108625
110884
212539
214798
217057
219316
221575
223834
226093
228352
230611
232870
235129
291604
293863
296122
298381
300640
302899
341302
40856
43115
99590
101849
104108
106367
108626
110885
212540
214799
217058
219317
221576
223835
226094
228353
230612
232871
235130
291605
293864
296123
298382
300641
302900
341303
40857
43116
99591
101850
104109
106368
108627
110886
212541
214800
217059
219318
221577
223836
226095
228354
230613
232872
235131
291606
293865
296124
298383
300642
302901
341304
40858
43117
99592
101851
104110
106369
108628
110887
212542
214801
217060
219319
221578
223837
226096
228355
230614
232873
235132
291607
293866
296125
298384
300643
302902
341305
40859
43118
99593
101852
104111
106370
108629
110888
212543
214802
217061
219320
221579
223838
226097
228356
230615
232874
235133
291608
293867
296126
298385
300644
302903
341306
40860
43119
99594
101853
104112
106371
108630
110889
212544
214803
217062
219321
221580
223839
226098
228357
230616
232875
235134
291609
293868
296127
298386
300645
302904
341307
40861
43120
99595
101854
104113
106372
108631
110890
212545
214804
217063
219322
221581
223840
226099
228358
230617
232876
235135
291610
293869
296128
298387
300646
302905
341308
40862
43121
99596
101855
104114
106373
108632
110891
212546
214805
217064
219323
221582
223841
226100
228359
230618
232877
235136
291611
293870
296129
298388
300647
302906
341309
40863
43122
99597
101856
104115
106374
108633
110892
212547
214806
217065
219324
221583
223842
226101
228360
230619
232878
235137
291612
293871
296130
298389
300648
302907
341310
40864
43123
99598
101857
104116
106375
108634
110893
212548
214807
217066
219325
221584
223843
226102
228361
230620
232879
235138
291613
293872
296131
298390
300649
302908
341311
40865
43124
99599
101858
104117
106376
108635
110894
212549
214808
217067
219326
221585
223844
226103
228362
230621
232880
235139
291614
293873
296132
298391
300650
302909
341312
40866
43125
99600
101859
104118
106377
108636
110895
212550
214809
217068
219327
221586
223845
226104
228363
230622
232881
235140
291615
293874
296133
298392
300651
302910
341313
40867
43126
99601
101860
104119
106378
108637
110896
212551
214810
217069
219328
221587
223846
226105
228364
230623
232882
235141
291616
293875
296134
298393
300652
302911
341314
40868
43127
99602
101861
104120
106379
108638
110897
212552
214811
217070
219329
221588
223847
226106
228365
230624
232883
235142
291617
293876
296135
298394
300653
302912
341315
40869
43128
99603
101862
104121
106380
108639
110898
212553
214812
217071
219330
221589
223848
226107
228366
230625
232884
235143
291618
293877
296136
298395
300654
302913
341316
40870
43129
99604
101863
104122
106381
108640
110899
212554
214813
217072
219331
221590
223849
226108
228367
230626
232885
235144
291619
293878
296137
298396
300655
302914
341317
40871
43130
99605
101864
104123
106382
108641
110900
212555
214814
217073
219332
221591
223850
226109
228368
230627
232886
235145
291620
293879
296138
298397
300656
302915
341318
40872
43131
99606
101865
104124
106383
108642
110901
212556
214815
217074
219333
221592
223851
226110
228369
230628
232887
235146
291621
293880
296139
298398
300657
302916
341319
40873
43132
99607
101866
104125
106384
108643
110902
212557
214816
217075
219334
221593
223852
226111
228370
230629
232888
235147
291622
293881
296140
298399
300658
302917
341320
40874
43133
99608
101867
104126
106385
108644
110903
212558
214817
217076
219335
221594
223853
226112
228371
230630
232889
235148
291623
293882
296141
298400
300659
302918
341321
40875
43134
99609
101868
104127
106386
108645
110904
212559
214818
217077
219336
221595
223854
226113
228372
230631
232890
235149
291624
293883
296142
298401
300660
302919
341322
40876
43135
99610
101869
104128
106387
108646
110905
212560
214819
217078
219337
221596
223855
226114
228373
230632
232891
235150
291625
293884
296143
298402
300661
302920
341323
40877
43136
99611
101870
104129
106388
108647
110906
212561
214820
217079
219338
221597
223856
226115
228374
230633
232892
235151
291626
293885
296144
298403
300662
302921
341324
40878
43137
99612
101871
104130
106389
108648
110907
212562
214821
217080
219339
221598
223857
226116
228375
230634
232893
235152
291627
293886
296145
298404
300663
302922
341325
40879
43138
99613
101872
104131
106390
108649
110908
212563
214822
217081
219340
221599
223858
226117
228376
230635
232894
235153
291628
293887
296146
298405
300664
302923
341326
40880
43139
99614
101873
104132
106391
108650
110909
212564
214823
217082
219341
221600
223859
226118
228377
230636
232895
235154
291629
293888
296147
298406
300665
302924
341327
40881
43140
99615
101874
104133
106392
108651
110910
212565
214824
217083
219342
221601
223860
226119
228378
230637
232896
235155
291630
293889
296148
298407
300666
302925
341328
40882
43141
99616
101875
104134
106393
108652
110911
212566
214825
217084
219343
221602
223861
226120
228379
230638
232897
235156
291631
293890
296149
298408
300667
302926
341329
40883
43142
99617
101876
104135
106394
108653
110912
212567
214826
217085
219344
221603
223862
226121
228380
230639
232898
235157
291632
293891
296150
298409
300668
302927
341330
40884
43143
99618
101877
104136
106395
108654
110913
212568
214827
217086
219345
221604
223863
226122
228381
230640
232899
235158
291633
293892
296151
298410
300669
302928
341331
40885
43144
99619
101878
104137
106396
108655
110914
212569
214828
217087
219346
221605
223864
226123
228382
230641
232900
235159
291634
293893
296152
298411
300670
302929
341332
40886
43145
99620
101879
104138
106397
108656
110915
212570
214829
217088
219347
221606
223865
226124
228383
230642
232901
235160
291635
293894
296153
298412
300671
302930
341333
7202
7453
13728
13979
14230
14481
14732
14983
15234
23266
23517
23768
24019
24270
24521
24772
25023
25274
25525
25776
26027
32804
33055
33306
33557
33808
34059
34310
40836
7203
7454
13729
13980
14231
14482
14733
14984
15235
23267
23518
23769
24020
24271
24522
24773
25024
25275
25526
25777
26028
32805
33056
33307
33558
33809
34060
34311
40837
7204
7455
13730
13981
14232
14483
14734
14985
15236
23268
23519
23770
24021
24272
24523
24774
25025
25276
25527
25778
26029
32806
33057
33308
33559
33810
34061
34312
40838
7205
7456
13731
13982
14233
14484
14735
14986
15237
23269
23520
23771
24022
24273
24524
24775
25026
25277
25528
25779
26030
32807
33058
33309
33560
33811
34062
34313
40839
7206
7457
13732
13983
14234
14485
14736
14987
15238
23270
23521
23772
24023
24274
24525
24776
25027
25278
25529
25780
26031
32808
33059
33310
33561
33812
34063
34314
40840
7207
7458
13733
13984
14235
14486
14737
14988
15239
23271
23522
23773
24024
24275
24526
24777
25028
25279
25530
25781
26032
32809
33060
33311
33562
33813
34064
34315
40841
7208
7459
13734
13985
14236
14487
14738
14989
15240
23272
23523
23774
24025
24276
24527
24778
25029
25280
25531
25782
26033
32810
33061
33312
33563
33814
34065
34316
40842
7209
7460
13735
13986
14237
14488
14739
14990
15241
23273
23524
23775
24026
24277
24528
24779
25030
25281
25532
25783
26034
32811
33062
33313
33564
33815
34066
34317
40843
7210
7461
13736
13987
14238
14489
14740
14991
15242
23274
23525
23776
24027
24278
24529
24780
25031
25282
25533
25784
26035
32812
33063
33314
33565
33816
34067
34318
40844
7211
7462
13737
13988
14239
14490
14741
14992
15243
23275
23526
23777
24028
24279
24530
24781
25032
25283
25534
25785
26036
32813
33064
33315
33566
33817
34068
34319
40845
7212
7463
13738
13989
14240
14491
14742
14993
15244
23276
23527
23778
24029
24280
24531
24782
25033
25284
25535
25786
26037
32814
33065
33316
33567
33818
34069
34320
40846
7213
7464
13739
13990
14241
14492
14743
14994
15245
23277
23528
23779
24030
24281
24532
24783
25034
25285
25536
25787
26038
32815
33066
33317
33568
33819
34070
34321
40847
7214
7465
13740
13991
14242
14493
14744
14995
15246
23278
23529
23780
24031
24282
24533
24784
25035
25286
25537
25788
26039
32816
33067
33318
33569
33820
34071
34322
40848
7215
7466
13741
13992
14243
14494
14745
14996
15247
23279
23530
23781
24032
24283
24534
24785
25036
25287
25538
25789
26040
32817
33068
33319
33570
33821
34072
34323
40849
7216
7467
13742
13993
14244
14495
14746
14997
15248
23280
23531
23782
24033
24284
24535
24786
25037
25288
25539
25790
26041
32818
33069
33320
33571
33822
34073
34324
40850
7217
7468
13743
13994
14245
14496
14747
14998
15249
23281
23532
23783
24034
24285
24536
24787
25038
25289
25540
25791
26042
32819
33070
33321
33572
33823
34074
34325
40851
7218
7469
13744
13995
14246
14497
14748
14999
15250
23282
23533
23784
24035
24286
24537
24788
25039
25290
25541
25792
26043
32820
33071
33322
33573
33824
34075
34326
40852
7219
7470
13745
13996
14247
14498
14749
15000
15251
23283
23534
23785
24036
24287
24538
24789
25040
25291
25542
25793
26044
32821
33072
33323
33574
33825
34076
34327
40853
7220
7471
13746
13997
14248
14499
14750
15001
15252
23284
23535
23786
24037
24288
24539
24790
25041
25292
25543
25794
26045
32822
33073
33324
33575
33826
34077
34328
40854
7221
7472
13747
13998
14249
14500
14751
15002
15253
23285
23536
23787
24038
24289
24540
24791
25042
25293
25544
25795
26046
32823
33074
33325
33576
33827
34078
34329
40855
7222
7473
13748
13999
14250
14501
14752
15003
15254
23286
23537
23788
24039
24290
24541
24792
25043
25294
25545
25796
26047
32824
33075
33326
33577
33828
34079
34330
40856
7223
7474
13749
14000
14251
14502
14753
15004
15255
23287
23538
23789
24040
24291
24542
24793
25044
25295
25546
25797
26048
32825
33076
33327
33578
33829
34080
34331
40857
7224
7475
13750
14001
14252
14503
14754
15005
15256
23288
23539
23790
24041
24292
24543
24794
25045
25296
25547
25798
26049
32826
33077
33328
33579
33830
34081
34332
40858
7225
7476
13751
14002
14253
14504
14755
15006
15257
23289
23540
23791
24042
24293
24544
24795
25046
25297
25548
25799
26050
32827
33078
33329
33580
33831
34082
34333
40859
7226
7477
13752
14003
14254
14505
14756
15007
15258
23290
23541
23792
24043
24294
24545
24796
25047
25298
25549
25800
26051
32828
33079
33330
33581
33832
34083
34334
40860
7227
7478
13753
14004
14255
14506
14757
15008
15259
23291
23542
23793
24044
24295
24546
24797
25048
25299
25550
25801
26052
32829
33080
33331
33582
33833
34084
34335
40861
7228
7479
13754
14005
14256
14507
14758
15009
15260
23292
23543
23794
24045
24296
24547
24798
25049
25300
25551
25802
26053
32830
33081
33332
33583
33834
34085
34336
40862
7229
7480
13755
14006
14257
14508
14759
15010
15261
23293
23544
23795
24046
24297
24548
24799
25050
25301
25552
25803
26054
32831
33082
33333
33584
33835
34086
34337
40863
7230
7481
13756
14007
14258
14509
14760
15011
15262
23294
23545
23796
24047
24298
24549
24800
25051
25302
25553
25804
26055
32832
33083
33334
33585
33836
34087
34338
40864
7231
7482
13757
14008
14259
14510
14761
15012
15263
23295
23546
23797
24048
24299
24550
24801
25052
25303
25554
25805
26056
32833
33084
33335
33586
33837
34088
34339
40865
7232
7483
13758
14009
14260
14511
14762
15013
15264
23296
23547
23798
24049
24300
24551
24802
25053
25304
25555
25806
26057
32834
33085
33336
33587
33838
34089
34340
40866
7233
7484
13759
14010
14261
14512
14763
15014
15265
23297
23548
23799
24050
24301
24552
24803
25054
25305
25556
25807
26058
32835
33086
33337
33588
33839
34090
34341
40867
7234
7485
13760
14011
14262
14513
14764
15015
15266
23298
23549
23800
24051
24302
24553
24804
25055
25306
25557
25808
26059
32836
33087
33338
33589
33840
34091
34342
40868
7235
7486
13761
14012
14263
14514
14765
15016
15267
23299
23550
23801
24052
24303
24554
24805
25056
25307
25558
25809
26060
32837
33088
33339
33590
33841
34092
34343
40869
7236
7487
13762
14013
14264
14515
14766
15017
15268
23300
23551
23802
24053
24304
24555
24806
25057
25308
25559
25810
26061
32838
33089
33340
33591
33842
34093
34344
40870
7237
7488
13763
14014
14265
14516
14767
15018
15269
23301
23552
23803
24054
24305
24556
24807
25058
25309
25560
25811
26062
32839
33090
33341
33592
33843
34094
34345
40871
7238
7489
13764
14015
14266
14517
14768
15019
15270
23302
23553
23804
24055
24306
24557
24808
25059
25310
25561
25812
26063
32840
33091
33342
33593
33844
34095
34346
40872
7239
7490
13765
14016
14267
14518
14769
15020
15271
23303
23554
23805
24056
24307
24558
24809
25060
25311
25562
25813
26064
32841
33092
33343
33594
33845
34096
34347
40873
7240
7491
13766
14017
14268
14519
14770
15021
15272
23304
23555
23806
24057
24308
24559
24810
25061
25312
25563
25814
26065
32842
33093
33344
33595
33846
34097
34348
40874
7241
7492
13767
14018
14269
14520
14771
15022
15273
23305
23556
23807
24058
24309
24560
24811
25062
25313
25564
25815
26066
32843
33094
33345
33596
33847
34098
34349
40875
7242
7493
13768
14019
14270
14521
14772
15023
15274
23306
23557
23808
24059
24310
24561
24812
25063
25314
25565
25816
26067
32844
33095
33346
33597
33848
34099
34350
40876
7243
7494
13769
14020
14271
14522
14773
15024
15275
23307
23558
23809
24060
24311
24562
24813
25064
25315
25566
25817
26068
32845
33096
33347
33598
33849
34100
34351
40877
7244
7495
13770
14021
14272
14523
14774
15025
15276
23308
23559
23810
24061
24312
24563
24814
25065
25316
25567
25818
26069
32846
33097
33348
33599
33850
34101
34352
40878
7245
7496
13771
14022
14273
14524
14775
15026
15277
23309
23560
23811
24062
24313
24564
24815
25066
25317
25568
25819
26070
32847
33098
33349
33600
33851
34102
34353
40879
7246
7497
13772
14023
14274
14525
14776
15027
15278
23310
23561
23812
24063
24314
24565
24816
25067
25318
25569
25820
26071
32848
33099
33350
33601
33852
34103
34354
40880
7247
7498
13773
14024
14275
14526
14777
15028
15279
23311
23562
23813
24064
24315
24566
24817
25068
25319
25570
25821
26072
32849
33100
33351
33602
33853
34104
34355
40881
7248
7499
13774
14025
14276
14527
14778
15029
15280
23312
23563
23814
24065
24316
24567
24818
25069
25320
25571
25822
26073
32850
33101
33352
33603
33854
34105
34356
40882
7249
7500
13775
14026
14277
14528
14779
15030
15281
23313
23564
23815
24066
24317
24568
24819
25070
25321
25572
25823
26074
32851
33102
33353
33604
33855
34106
34357
40883
7250
7501
13776
14027
14278
14529
14780
15031
15282
23314
23565
23816
24067
24318
24569
24820
25071
25322
25573
25824
26075
32852
33103
33354
33605
33856
34107
34358
40884
7251
7502
13777
14028
14279
14530
14781
15032
15283
23315
23566
23817
24068
24319
24570
24821
25072
25323
25574
25825
26076
32853
33104
33355
33606
33857
34108
34359
40885
7252
7503
13778
14029
14280
14531
14782
15033
15284
23316
23567
23818
24069
24320
24571
24822
25073
25324
25575
25826
26077
32854
33105
33356
33607
33858
34109
34360
40886
307147
307398
315179
315430
315681
315932
316183
316434
316685
322207
322458
322709
322960
323211
323462
323713
323964
324215
324466
324717
324968
334255
334506
334757
335008
335259
335510
335761
341283
307148
307399
315180
315431
315682
315933
316184
316435
316686
322208
322459
322710
322961
323212
323463
323714
323965
324216
324467
324718
324969
334256
334507
334758
335009
335260
335511
335762
341284
307149
307400
315181
315432
315683
315934
316185
316436
316687
322209
322460
322711
322962
323213
323464
323715
323966
324217
324468
324719
324970
334257
334508
334759
335010
335261
335512
335763
341285
307150
307401
315182
315433
315684
315935
316186
316437
316688
322210
322461
322712
322963
323214
323465
323716
323967
324218
324469
324720
324971
334258
334509
334760
335011
335262
335513
335764
341286
307151
307402
315183
315434
315685
315936
316187
316438
316689
322211
322462
322713
322964
323215
323466
323717
323968
324219
324470
324721
324972
334259
334510
334761
335012
335263
335514
335765
341287
307152
307403
315184
315435
315686
315937
316188
316439
316690
322212
322463
322714
322965
323216
323467
323718
323969
324220
324471
324722
324973
334260
334511
334762
335013
335264
335515
335766
341288
307153
307404
315185
315436
315687
315938
316189
316440
316691
322213
322464
322715
322966
323217
323468
323719
323970
324221
324472
324723
324974
334261
334512
334763
335014
335265
335516
335767
341289
307154
307405
315186
315437
315688
315939
316190
316441
316692
322214
322465
322716
322967
323218
323469
323720
323971
324222
324473
324724
324975
334262
334513
334764
335015
335266
335517
335768
341290
307155
307406
315187
315438
315689
315940
316191
316442
316693
322215
322466
322717
322968
323219
323470
323721
323972
324223
324474
324725
324976
334263
334514
334765
335016
335267
335518
335769
341291
307156
307407
315188
315439
315690
315941
316192
316443
316694
322216
322467
322718
322969
323220
323471
323722
323973
324224
324475
324726
324977
334264
334515
334766
335017
335268
335519
335770
341292
307157
307408
315189
315440
315691
315942
316193
316444
316695
322217
322468
322719
322970
323221
323472
323723
323974
324225
324476
324727
324978
334265
334516
334767
335018
335269
335520
335771
341293
307158
307409
315190
315441
315692
315943
316194
316445
316696
322218
322469
322720
322971
323222
323473
323724
323975
324226
324477
324728
324979
334266
334517
334768
335019
335270
335521
335772
341294
307159
307410
315191
315442
315693
315944
316195
316446
316697
322219
322470
322721
322972
323223
323474
323725
323976
324227
324478
324729
324980
334267
334518
334769
335020
335271
335522
335773
341295
307160
307411
315192
315443
315694
315945
316196
316447
316698
322220
322471
322722
322973
323224
323475
323726
323977
324228
324479
324730
324981
334268
334519
334770
335021
335272
335523
335774
341296
307161
307412
315193
315444
315695
315946
316197
316448
316699
322221
322472
322723
322974
323225
323476
323727
323978
324229
324480
324731
324982
334269
334520
334771
335022
335273
335524
335775
341297
307162
307413
315194
315445
315696
315947
316198
316449
316700
322222
322473
322724
322975
323226
323477
323728
323979
324230
324481
324732
324983
334270
334521
334772
335023
335274
335525
335776
341298
307163
307414
315195
315446
315697
315948
316199
316450
316701
322223
322474
322725
322976
323227
323478
323729
323980
324231
324482
324733
324984
334271
334522
334773
335024
335275
335526
335777
341299
307164
307415
315196
315447
315698
315949
316200
316451
316702
322224
322475
322726
322977
323228
323479
323730
323981
324232
324483
324734
324985
334272
334523
334774
335025
335276
335527
335778
341300
307165
307416
315197
315448
315699
315950
316201
316452
316703
322225
322476
322727
322978
323229
323480
323731
323982
324233
324484
324735
324986
334273
334524
334775
335026
335277
335528
335779
341301
307166
307417
315198
315449
315700
315951
316202
316453
316704
322226
322477
322728
322979
323230
323481
323732
323983
324234
324485
324736
324987
334274
334525
334776
335027
335278
335529
335780
341302
307167
307418
315199
315450
315701
315952
316203
316454
316705
322227
322478
322729
322980
323231
323482
323733
323984
324235
324486
324737
324988
334275
334526
334777
335028
335279
335530
335781
341303
307168
307419
315200
315451
315702
315953
316204
316455
316706
322228
322479
322730
322981
323232
323483
323734
323985
324236
324487
324738
324989
334276
334527
334778
335029
335280
335531
335782
341304
307169
307420
315201
315452
315703
315954
316205
316456
316707
322229
322480
322731
322982
323233
323484
323735
323986
324237
324488
324739
324990
334277
334528
334779
335030
335281
335532
335783
341305
307170
307421
315202
315453
315704
315955
316206
316457
316708
322230
322481
322732
322983
323234
323485
323736
323987
324238
324489
324740
324991
334278
334529
334780
335031
335282
335533
335784
341306
307171
307422
315203
315454
315705
315956
316207
316458
316709
322231
322482
322733
322984
323235
323486
323737
323988
324239
324490
324741
324992
334279
334530
334781
335032
335283
335534
335785
341307
307172
307423
315204
315455
315706
315957
316208
316459
316710
322232
322483
322734
322985
323236
323487
323738
323989
324240
324491
324742
324993
334280
334531
334782
335033
335284
335535
335786
341308
307173
307424
315205
315456
315707
315958
316209
316460
316711
322233
322484
322735
322986
323237
323488
323739
323990
324241
324492
324743
324994
334281
334532
334783
335034
335285
335536
335787
341309
307174
307425
315206
315457
315708
315959
316210
316461
316712
322234
322485
322736
322987
323238
323489
323740
323991
324242
324493
324744
324995
334282
334533
334784
335035
335286
335537
335788
341310
307175
307426
315207
315458
315709
315960
316211
316462
316713
322235
322486
322737
322988
323239
323490
323741
323992
324243
324494
324745
324996
334283
334534
334785
335036
335287
335538
335789
341311
307176
307427
315208
315459
315710
315961
316212
316463
316714
322236
322487
322738
322989
323240
323491
323742
323993
324244
324495
324746
324997
334284
334535
334786
335037
335288
335539
335790
341312
307177
307428
315209
315460
315711
315962
316213
316464
316715
322237
322488
322739
322990
323241
323492
323743
323994
324245
324496
324747
324998
334285
334536
334787
335038
335289
335540
335791
341313
307178
307429
315210
315461
315712
315963
316214
316465
316716
322238
322489
322740
322991
323242
323493
323744
323995
324246
324497
324748
324999
334286
334537
334788
335039
335290
335541
335792
341314
307179
307430
315211
315462
315713
315964
316215
316466
316717
322239
322490
322741
322992
323243
323494
323745
323996
324247
324498
324749
325000
334287
334538
334789
335040
335291
335542
335793
341315
307180
307431
315212
315463
315714
315965
316216
316467
316718
322240
322491
322742
322993
323244
323495
323746
323997
324248
324499
324750
325001
334288
334539
334790
335041
335292
335543
335794
341316
307181
307432
315213
315464
315715
315966
316217
316468
316719
322241
322492
322743
322994
323245
323496
323747
323998
324249
324500
324751
325002
334289
334540
334791
335042
335293
335544
335795
341317
307182
307433
315214
315465
315716
315967
316218
316469
316720
322242
322493
322744
322995
323246
323497
323748
323999
324250
324501
324752
325003
334290
334541
334792
335043
335294
335545
335796
341318
307183
307434
315215
315466
315717
315968
316219
316470
316721
322243
322494
322745
322996
323247
323498
323749
324000
324251
324502
324753
325004
334291
334542
334793
335044
335295
335546
335797
341319
307184
307435
315216
315467
315718
315969
316220
316471
316722
322244
322495
322746
322997
323248
323499
323750
324001
324252
324503
324754
325005
334292
334543
334794
335045
335296
335547
335798
341320
307185
307436
315217
315468
315719
315970
316221
316472
316723
322245
322496
322747
322998
323249
323500
323751
324002
324253
324504
324755
325006
334293
334544
334795
335046
335297
335548
335799
341321
307186
307437
315218
315469
315720
315971
316222
316473
316724
322246
322497
322748
322999
323250
323501
323752
324003
324254
324505
324756
325007
334294
334545
334796
335047
335298
335549
335800
341322
307187
307438
315219
315470
315721
315972
316223
316474
316725
322247
322498
322749
323000
323251
323502
323753
324004
324255
324506
324757
325008
334295
334546
334797
335048
335299
335550
335801
341323
307188
307439
315220
315471
315722
315973
316224
316475
316726
322248
322499
322750
323001
323252
323503
323754
324005
324256
324507
324758
325009
334296
334547
334798
335049
335300
335551
335802
341324
307189
307440
315221
315472
315723
315974
316225
316476
316727
322249
322500
322751
323002
323253
323504
323755
324006
324257
324508
324759
325010
334297
334548
334799
335050
335301
335552
335803
341325
307190
307441
315222
315473
315724
315975
316226
316477
316728
322250
322501
322752
323003
323254
323505
323756
324007
324258
324509
324760
325011
334298
334549
334800
335051
335302
335553
335804
341326
307191
307442
315223
315474
315725
315976
316227
316478
316729
322251
322502
322753
323004
323255
323506
323757
324008
324259
324510
324761
325012
334299
334550
334801
335052
335303
335554
335805
341327
307192
307443
315224
315475
315726
315977
316228
316479
316730
322252
322503
322754
323005
323256
323507
323758
324009
324260
324511
324762
325013
334300
334551
334802
335053
335304
335555
335806
341328
307193
307444
315225
315476
315727
315978
316229
316480
316731
322253
322504
322755
323006
323257
323508
323759
324010
324261
324512
324763
325014
334301
334552
334803
335054
335305
335556
335807
341329
307194
307445
315226
315477
315728
315979
316230
316481
316732
322254
322505
322756
323007
323258
323509
323760
324011
324262
324513
324764
325015
334302
334553
334804
335055
335306
335557
335808
341330
307195
307446
315227
315478
315729
315980
316231
316482
316733
322255
322506
322757
323008
323259
323510
323761
324012
324263
324514
324765
325016
334303
334554
334805
335056
335307
335558
335809
341331
307196
307447
315228
315479
315730
315981
316232
316483
316734
322256
322507
322758
323009
323260
323511
323762
324013
324264
324515
324766
325017
334304
334555
334806
335057
335308
335559
335810
341332
307197
307448
315229
315480
315731
315982
316233
316484
316735
322257
322508
322759
323010
323261
323512
323763
324014
324265
324516
324767
325018
334305
334556
334807
335058
335309
335560
335811
341333
